thold | t0 | tdiff | zeta | trend |
40000 | 23689 | 328986 | 0.042643814706400884 | inverse |
20000 | 14840 | 336634 | 0.03270994611358329 | inverse |
40000 | 5411 | 99262 | 0.007374151487981302 | inverse |
40000 | 19794 | 104457 | 0.09377122548034118 | inverse |
10000 | 9167 | 384312 | 0.021866059087408147 | inverse |
20000 | 17698 | 330275 | 0.04741794020134736 | inverse |
40000 | 13934 | 181519 | 0.026740500443479746 | inverse |
40000 | 30801 | 413572 | 0.0573480313585059 | inverse |
40000 | 14463 | 364257 | 0.01435650989548588 | inverse |
20000 | 18174 | 402301 | 0.04105064068943403 | inverse |
40000 | 36214 | 382896 | 0.0856272849546613 | inverse |
20000 | 10120 | 112609 | 0.04547345238835262 | inverse |
20000 | 15959 | 269658 | 0.047224573533883665 | inverse |
40000 | 5600 | 211360 | 0.0037093111279333842 | inverse |
40000 | 18759 | 311772 | 0.028217742533004887 | inverse |
40000 | 35019 | 134853 | 0.2273457692821072 | inverse |
40000 | 5346 | 387179 | 0.0018453813352480378 | inverse |
40000 | 20951 | 412266 | 0.026617790516317134 | inverse |
40000 | 5660 | 303050 | 0.002642765220260683 | inverse |
10000 | 9909 | 266946 | 0.03678207615023263 | inverse |
40000 | 26700 | 27044 | 0.6590093921017601 | saturating |
20000 | 10554 | 88965 | 0.06260153768335862 | inverse |
40000 | 37996 | 39315 | 0.9180312959430242 | saturating |
20000 | 14301 | 105996 | 0.09647467876146269 | inverse |
40000 | 7819 | 25530 | 0.05986756854680768 | saturating |
40000 | 6963 | 39350 | 0.03080264866581957 | inverse |
20000 | 8659 | 228674 | 0.016394142097483754 | inverse |
20000 | 18940 | 409619 | 0.04378747079603241 | inverse |
20000 | 11497 | 161787 | 0.040850318319766106 | inverse |
40000 | 21557 | 292118 | 0.039770251148508476 | inverse |
40000 | 6200 | 348967 | 0.002753842053833171 | inverse |
10000 | 9056 | 227487 | 0.03605091104107048 | inverse |
40000 | 29583 | 65860 | 0.3322023568934102 | saturating |
40000 | 33425 | 75798 | 0.3684894802633315 | saturating |
40000 | 12724 | 239837 | 0.016876063326342474 | inverse |
20000 | 6212 | 147880 | 0.01304738436570192 | inverse |
40000 | 34716 | 302429 | 0.09962674346706168 | inverse |
20000 | 10546 | 267717 | 0.020771582678724174 | inverse |
10000 | 6537 | 378293 | 0.011296103549365173 | inverse |
40000 | 29658 | 134193 | 0.1638678925130223 | inverse |
20000 | 15655 | 120222 | 0.10192769418242917 | inverse |
40000 | 39065 | 82629 | 0.46172476521560224 | saturating |
20000 | 11452 | 110380 | 0.05940763906504802 | inverse |
40000 | 14174 | 340872 | 0.014734436680044122 | inverse |
20000 | 7047 | 366275 | 0.006779087980342638 | inverse |
40000 | 12312 | 186930 | 0.020273009147809343 | inverse |
40000 | 7955 | 406492 | 0.0038919600508743103 | inverse |
40000 | 30487 | 183651 | 0.12652492621875186 | inverse |
20000 | 15273 | 398083 | 0.029298479086019753 | inverse |
40000 | 10444 | 374869 | 0.007274350239683729 | inverse |
20000 | 6227 | 190574 | 0.010173352346070292 | inverse |
20000 | 17410 | 301720 | 0.05023003115471298 | inverse |
20000 | 7250 | 38996 | 0.06739473279310698 | inverse |
40000 | 23191 | 36592 | 0.36744539858439007 | saturating |
40000 | 5453 | 31925 | 0.02328520673453406 | inverse |
40000 | 37480 | 353574 | 0.09932506349448773 | inverse |
20000 | 12140 | 349448 | 0.02108748655021634 | inverse |
40000 | 19641 | 107432 | 0.08977047830255418 | inverse |
10000 | 7943 | 283342 | 0.022266818544373936 | inverse |
40000 | 29796 | 198374 | 0.11188482563239134 | inverse |
40000 | 5127 | 195297 | 0.0033648915497933923 | inverse |
20000 | 10374 | 412166 | 0.013055404375906795 | inverse |
10000 | 7008 | 70717 | 0.06944873792723108 | inverse |
40000 | 10731 | 194955 | 0.01476678733553897 | inverse |
20000 | 8621 | 245953 | 0.015108911255402455 | inverse |
40000 | 16621 | 211317 | 0.03268284626887567 | inverse |
20000 | 17989 | 51783 | 0.3124617355116544 | saturating |
20000 | 9291 | 191523 | 0.022535852351936843 | inverse |
20000 | 14845 | 155891 | 0.07068208716346677 | inverse |
40000 | 38202 | 245191 | 0.14880162852633252 | inverse |
40000 | 21936 | 330820 | 0.036363286379299926 | inverse |
20000 | 9957 | 130570 | 0.037965018380945084 | inverse |
40000 | 37872 | 404965 | 0.08854397194819305 | inverse |
20000 | 18360 | 151812 | 0.11102205359260138 | inverse |
20000 | 17075 | 153377 | 0.09504541913063888 | inverse |
40000 | 36233 | 301134 | 0.10899053984272783 | inverse |
20000 | 6885 | 70435 | 0.03365033364094555 | inverse |
40000 | 37439 | 246513 | 0.1421505885085168 | inverse |
20000 | 10116 | 418958 | 0.01221285379441376 | inverse |
40000 | 6032 | 98578 | 0.009227470632392622 | inverse |
40000 | 30655 | 63731 | 0.3686310527843593 | saturating |
10000 | 7569 | 19851 | 0.28859886655584105 | saturating |
40000 | 28335 | 307233 | 0.06533089096874359 | inverse |
40000 | 9793 | 53230 | 0.04504172881833553 | inverse |
40000 | 32412 | 162246 | 0.16187421323175918 | inverse |
40000 | 5029 | 67459 | 0.009372671178048889 | inverse |
40000 | 10225 | 117243 | 0.02229357509616779 | inverse |
10000 | 7494 | 284318 | 0.019752543279004494 | inverse |
40000 | 19901 | 264810 | 0.03738999669574412 | inverse |
20000 | 19229 | 259973 | 0.07111400818546541 | inverse |
40000 | 29428 | 143071 | 0.1513247240880402 | inverse |
40000 | 30237 | 269369 | 0.08485350662102914 | inverse |
40000 | 12682 | 251576 | 0.015982558352148058 | inverse |
40000 | 14073 | 411428 | 0.012034264136130743 | inverse |
40000 | 10847 | 134478 | 0.021872984614583795 | inverse |
40000 | 20606 | 105286 | 0.10082234010219783 | inverse |
20000 | 18152 | 139097 | 0.11844076579653047 | inverse |
40000 | 28115 | 302618 | 0.06530123992954814 | inverse |
40000 | 36033 | 321288 | 0.1010290680791066 | inverse |
10000 | 9520 | 165744 | 0.054680953760015444 | inverse |
40000 | 9737 | 396885 | 0.0059720806404877985 | inverse |
40000 | 5514 | 357965 | 0.002123405640216222 | inverse |
40000 | 20459 | 203462 | 0.051431063417247444 | inverse |
10000 | 6188 | 166418 | 0.023009136030958187 | inverse |
20000 | 6414 | 289145 | 0.007113973266008404 | inverse |
10000 | 9329 | 322217 | 0.027009822883336383 | inverse |
40000 | 17244 | 276116 | 0.026923062770719552 | inverse |
40000 | 24050 | 158408 | 0.09128366307257209 | inverse |
20000 | 14481 | 241490 | 0.04341781460930059 | inverse |
40000 | 21357 | 381909 | 0.02985799293810829 | inverse |
40000 | 7849 | 181658 | 0.00847840461196314 | inverse |
40000 | 5375 | 65450 | 0.011035380061115355 | inverse |
40000 | 12872 | 127740 | 0.032426879599185846 | inverse |
40000 | 36341 | 189724 | 0.17402493635491556 | inverse |
40000 | 27774 | 401107 | 0.04807913324873413 | inverse |
20000 | 5605 | 203679 | 0.007712141408785392 | inverse |
40000 | 25954 | 413628 | 0.04071352253715899 | inverse |
10000 | 7508 | 249689 | 0.0225761102811898 | inverse |
40000 | 25694 | 71844 | 0.2297274775903346 | saturating |
40000 | 10394 | 126489 | 0.021352693910142388 | inverse |
40000 | 26819 | 400766 | 0.044867750819680315 | inverse |
40000 | 30569 | 302611 | 0.07720008203601324 | inverse |
40000 | 36282 | 77756 | 0.4232417832707444 | saturating |
40000 | 14094 | 75296 | 0.06595331624521887 | inverse |
40000 | 17448 | 358417 | 0.02123453296021115 | inverse |
40000 | 35919 | 41606 | 0.7752334765418449 | saturating |
40000 | 27340 | 406185 | 0.04600585939904231 | inverse |
40000 | 21574 | 247890 | 0.046939920529267015 | inverse |
20000 | 5883 | 208882 | 0.008284507281623119 | inverse |
40000 | 38306 | 401280 | 0.09141681843102073 | inverse |
20000 | 19450 | 202346 | 0.0934791149812697 | inverse |
20000 | 6585 | 407970 | 0.005314388925656298 | inverse |
10000 | 8623 | 266032 | 0.027950069540506405 | inverse |
40000 | 6261 | 297628 | 0.003292711119249533 | inverse |
20000 | 12175 | 170039 | 0.04358724322067291 | inverse |
40000 | 38555 | 112247 | 0.33107522361399416 | saturating |
40000 | 38956 | 128031 | 0.29632861103951386 | inverse |
40000 | 21459 | 99282 | 0.1159547251767692 | inverse |
40000 | 12838 | 46201 | 0.08918326659596112 | inverse |
20000 | 17193 | 370294 | 0.03991412890838091 | inverse |
10000 | 9739 | 358322 | 0.026470080263003664 | inverse |
40000 | 37861 | 111744 | 0.32070073583369124 | saturating |
40000 | 24024 | 293571 | 0.04914931788221589 | inverse |
40000 | 10826 | 219791 | 0.01333110500429954 | inverse |
40000 | 36405 | 62902 | 0.5267416079774888 | saturating |
40000 | 30724 | 242154 | 0.0974549435483205 | inverse |
40000 | 7610 | 381793 | 0.0037921137894094442 | inverse |
40000 | 8414 | 93424 | 0.018944649126562768 | inverse |
20000 | 18059 | 342524 | 0.0476065153098761 | inverse |
40000 | 9214 | 307272 | 0.006907381408003333 | inverse |
20000 | 17706 | 155046 | 0.10109981424867458 | inverse |
20000 | 17591 | 261393 | 0.059191195058781225 | inverse |
40000 | 27629 | 150401 | 0.12688772697654938 | inverse |
40000 | 33760 | 303095 | 0.09400828123195698 | inverse |
20000 | 15611 | 53243 | 0.2288594942058111 | saturating |
40000 | 36850 | 238351 | 0.1424288654127736 | inverse |
40000 | 15875 | 31067 | 0.20280009737019988 | saturating |
40000 | 14576 | 229599 | 0.023133787168062577 | inverse |
40000 | 6898 | 110946 | 0.010721973752996952 | inverse |
40000 | 31373 | 182369 | 0.13492769179520644 | inverse |
20000 | 12648 | 120866 | 0.06617737990832823 | inverse |
40000 | 31154 | 153906 | 0.15765657544215303 | inverse |
40000 | 22925 | 239341 | 0.054896113181611174 | inverse |
40000 | 33440 | 53368 | 0.5238315095188127 | saturating |
40000 | 23416 | 416017 | 0.032949918873507573 | inverse |
20000 | 18702 | 228107 | 0.0766668282867251 | inverse |
40000 | 18032 | 310472 | 0.026182153624159345 | inverse |
40000 | 14318 | 301352 | 0.017007114935357986 | inverse |
40000 | 19316 | 214835 | 0.043417955174901664 | inverse |
40000 | 21046 | 70705 | 0.15661343469344458 | inverse |
40000 | 32273 | 419126 | 0.06212609865529698 | inverse |
40000 | 7965 | 221881 | 0.007148113741149535 | inverse |
20000 | 13451 | 312980 | 0.028904307144226465 | inverse |
20000 | 10838 | 393066 | 0.014941796543074193 | inverse |
40000 | 23573 | 313866 | 0.0442614307538886 | inverse |
40000 | 15449 | 47908 | 0.1245468402980713 | saturating |
40000 | 29113 | 321473 | 0.0659127492044433 | inverse |
40000 | 23093 | 362460 | 0.036782448339127076 | inverse |
20000 | 5202 | 271498 | 0.004983610192340275 | inverse |
20000 | 8295 | 136084 | 0.025281085579495016 | inverse |
40000 | 19129 | 351828 | 0.026001244997555625 | inverse |
40000 | 22248 | 66156 | 0.18704785053509887 | saturating |
40000 | 31962 | 377487 | 0.06765593543618721 | inverse |
20000 | 7284 | 196300 | 0.013514176260825269 | inverse |
40000 | 28448 | 314285 | 0.06437538412587301 | inverse |
40000 | 7836 | 156191 | 0.00982817447868315 | inverse |
20000 | 13093 | 307298 | 0.027892574797102485 | inverse |
40000 | 11931 | 108211 | 0.03288685092088605 | inverse |
10000 | 5446 | 151400 | 0.019589772787318358 | inverse |
10000 | 6920 | 261022 | 0.01834573330983595 | inverse |
40000 | 17916 | 25330 | 0.31680127911567313 | saturating |
40000 | 6414 | 189898 | 0.005415985950352294 | inverse |
40000 | 32020 | 46356 | 0.5529383467080853 | saturating |
40000 | 32149 | 203637 | 0.12688732904629316 | inverse |
20000 | 13308 | 297851 | 0.02973011069293036 | inverse |
20000 | 11546 | 22650 | 0.294282816777042 | saturating |
40000 | 24901 | 271728 | 0.05704783837145969 | inverse |
20000 | 16789 | 82235 | 0.1713811157049918 | inverse |
40000 | 24107 | 186665 | 0.0778329425709158 | inverse |
10000 | 9382 | 277459 | 0.03172429944604428 | inverse |
20000 | 12732 | 388742 | 0.020849795494183802 | inverse |
20000 | 9332 | 334957 | 0.012999612487573031 | inverse |
40000 | 14926 | 419561 | 0.013274915685680984 | inverse |
40000 | 18280 | 86340 | 0.09675654389622423 | inverse |
40000 | 21635 | 339090 | 0.03450951259252706 | inverse |
10000 | 6668 | 391059 | 0.01136969715567216 | inverse |
40000 | 17159 | 345578 | 0.021299914997482478 | inverse |
20000 | 17263 | 38682 | 0.3852065159505713 | saturating |
40000 | 29996 | 240317 | 0.09360136985731347 | inverse |
10000 | 8966 | 245710 | 0.03271708762362134 | inverse |
40000 | 5453 | 145546 | 0.005107527688840641 | inverse |
20000 | 5434 | 106032 | 0.013924266259242493 | inverse |
40000 | 18358 | 135152 | 0.06234021028175685 | inverse |
20000 | 10492 | 143650 | 0.03831606822137139 | inverse |
20000 | 16216 | 414591 | 0.03171302030193612 | inverse |
20000 | 8447 | 21387 | 0.16681116799925189 | saturating |
40000 | 9158 | 243155 | 0.008622993975036498 | inverse |
40000 | 25471 | 81860 | 0.1981345715245541 | saturating |
40000 | 20177 | 292664 | 0.03477634155550392 | inverse |
40000 | 16253 | 49102 | 0.13449554447883996 | saturating |
40000 | 32017 | 131683 | 0.19461287504841174 | inverse |
40000 | 30194 | 46824 | 0.4867576648727148 | saturating |
20000 | 17465 | 160485 | 0.0950326276599059 | inverse |
40000 | 12292 | 85581 | 0.04413750248302777 | inverse |
40000 | 22136 | 131144 | 0.09340924784969194 | inverse |
40000 | 24322 | 406527 | 0.03637886807026347 | inverse |
20000 | 9848 | 67190 | 0.0721707873195416 | inverse |
40000 | 6469 | 292847 | 0.0035725106454906484 | inverse |
20000 | 18034 | 161744 | 0.10053700786427935 | inverse |
40000 | 10238 | 120106 | 0.021817528682996686 | inverse |
40000 | 32905 | 356306 | 0.07596974405426797 | inverse |
40000 | 16653 | 159201 | 0.04354909972299169 | inverse |
40000 | 33650 | 252652 | 0.11204369053084876 | inverse |
40000 | 9788 | 332566 | 0.007201949688182195 | inverse |
40000 | 12001 | 158572 | 0.02270640481926191 | inverse |
20000 | 9357 | 187453 | 0.02335344032904248 | inverse |
40000 | 37148 | 169603 | 0.2034123665265355 | inverse |
40000 | 9545 | 102491 | 0.02222317691309481 | inverse |
40000 | 14843 | 356205 | 0.015462630297160341 | inverse |
40000 | 36963 | 57803 | 0.5909136934934173 | saturating |
20000 | 15711 | 337092 | 0.03661248576056388 | inverse |
20000 | 7446 | 393889 | 0.007037885800314302 | inverse |
40000 | 8864 | 36625 | 0.053631737883959044 | inverse |
40000 | 32616 | 38245 | 0.695387276768205 | saturating |
20000 | 12493 | 118988 | 0.06558436523010724 | inverse |
40000 | 31173 | 183959 | 0.1320614823139939 | inverse |
20000 | 15939 | 419727 | 0.030263924050632916 | inverse |
20000 | 16865 | 83689 | 0.16993166664675166 | inverse |
40000 | 8570 | 219104 | 0.008380141394041186 | inverse |
40000 | 15292 | 322617 | 0.018120965727162548 | inverse |
40000 | 6544 | 160817 | 0.0066572464353892935 | inverse |
40000 | 27671 | 258568 | 0.07403122592509515 | inverse |
10000 | 7968 | 149524 | 0.0424607581391616 | inverse |
20000 | 10757 | 188941 | 0.030621476810221183 | inverse |
40000 | 38174 | 208510 | 0.17472234856841398 | inverse |
20000 | 11475 | 249331 | 0.026405786885706148 | inverse |
40000 | 34909 | 90004 | 0.338495589362695 | saturating |
40000 | 19231 | 170885 | 0.05410529903151242 | inverse |
40000 | 33820 | 34663 | 0.8249375414707325 | saturating |
40000 | 16202 | 395115 | 0.016609392455361097 | inverse |
20000 | 13839 | 360356 | 0.026573433077290234 | inverse |
40000 | 15066 | 253392 | 0.022394585859064217 | inverse |
40000 | 29174 | 402503 | 0.05286434361979911 | inverse |
20000 | 10459 | 308303 | 0.01774077465999358 | inverse |
40000 | 35430 | 159959 | 0.1961885389381029 | inverse |
40000 | 32572 | 65911 | 0.4024120344100378 | saturating |
40000 | 16131 | 19026 | 0.3419125946073794 | saturating |
40000 | 27021 | 384604 | 0.047460143485247165 | inverse |
20000 | 14893 | 126548 | 0.08763530399532193 | inverse |
40000 | 28659 | 45815 | 0.448181971515879 | saturating |
40000 | 5866 | 248001 | 0.0034687315776952515 | inverse |
20000 | 14444 | 348490 | 0.02993330310769319 | inverse |
40000 | 23247 | 161841 | 0.08348054711105343 | inverse |
20000 | 7978 | 280601 | 0.011341457086753076 | inverse |
40000 | 13157 | 51484 | 0.08405846913604227 | inverse |
40000 | 17464 | 263337 | 0.028954466709957202 | inverse |
40000 | 18059 | 174334 | 0.04676762435898907 | inverse |
40000 | 22791 | 320495 | 0.04051776790589557 | inverse |
40000 | 14006 | 210069 | 0.023345666899923363 | inverse |
20000 | 9970 | 194998 | 0.02548767166842737 | inverse |
40000 | 14686 | 266286 | 0.020248773499170064 | inverse |
40000 | 21760 | 59572 | 0.19870811790774193 | saturating |
10000 | 5044 | 158988 | 0.01600242534027725 | inverse |
40000 | 21674 | 104570 | 0.1123080893181601 | inverse |
40000 | 18342 | 127920 | 0.06574987570356473 | inverse |
40000 | 32819 | 216404 | 0.12443008920814772 | inverse |
40000 | 5753 | 355571 | 0.0023270323648441524 | inverse |
40000 | 7543 | 246178 | 0.005778019258422766 | inverse |
40000 | 11795 | 258563 | 0.013451462989677565 | inverse |
40000 | 8550 | 171173 | 0.01067669842790627 | inverse |
40000 | 24559 | 406331 | 0.03710918444568591 | inverse |
40000 | 7768 | 268280 | 0.005623026688534367 | inverse |
40000 | 13539 | 141099 | 0.03247799789509494 | inverse |
40000 | 24173 | 221083 | 0.06607630720136781 | inverse |
40000 | 25115 | 308626 | 0.051094465874553664 | inverse |
40000 | 37702 | 332072 | 0.10701299748247367 | inverse |
40000 | 8924 | 88266 | 0.0225561869802642 | inverse |
40000 | 12775 | 128979 | 0.03163317768784066 | inverse |
40000 | 27517 | 255305 | 0.07414516842600027 | inverse |
20000 | 9614 | 265829 | 0.017385047530555357 | inverse |
40000 | 31684 | 262466 | 0.09561960939702667 | inverse |
40000 | 15527 | 244390 | 0.024662192499693113 | inverse |
20000 | 10777 | 168324 | 0.03450005020080321 | inverse |
20000 | 15252 | 384040 | 0.03028636392042495 | inverse |
40000 | 22904 | 138518 | 0.09467961131405304 | inverse |
40000 | 20865 | 146195 | 0.0744464969732207 | inverse |
10000 | 7293 | 73943 | 0.07193087783833493 | inverse |
40000 | 16099 | 158500 | 0.04087977933753943 | inverse |
40000 | 7081 | 93342 | 0.013429260407962116 | inverse |
20000 | 8121 | 297931 | 0.011068106541447518 | inverse |
40000 | 12598 | 295931 | 0.013407652797442647 | inverse |
40000 | 23455 | 55529 | 0.24768005231500656 | saturating |
20000 | 9401 | 77817 | 0.05678630697662465 | inverse |
40000 | 16574 | 285645 | 0.024041859300880465 | inverse |
40000 | 24581 | 284249 | 0.05314227675383203 | inverse |
40000 | 19173 | 226314 | 0.04060773184601924 | inverse |
20000 | 12495 | 347911 | 0.022437494790334314 | inverse |
20000 | 8740 | 392482 | 0.009731350737103867 | inverse |
40000 | 24674 | 178148 | 0.08543546321036441 | inverse |
20000 | 15987 | 64475 | 0.1982040860798759 | inverse |
20000 | 17754 | 90646 | 0.17386565099397658 | inverse |
10000 | 5977 | 334313 | 0.010685952685058614 | inverse |
20000 | 15436 | 271253 | 0.043920269268911315 | inverse |
40000 | 28866 | 111580 | 0.1866924977594551 | inverse |
10000 | 7165 | 339055 | 0.015141267640943212 | inverse |
20000 | 6995 | 9445 | 0.25902607199576494 | saturating |
20000 | 19479 | 310254 | 0.06114851718269547 | inverse |
20000 | 18429 | 351505 | 0.04831055617985519 | inverse |
10000 | 6303 | 386910 | 0.01026797162130728 | inverse |
40000 | 35348 | 146798 | 0.21278919058842766 | inverse |
40000 | 8158 | 151378 | 0.010991188283634346 | inverse |
40000 | 14257 | 377030 | 0.013477843208763229 | inverse |
20000 | 14042 | 58894 | 0.1674005535368628 | inverse |
20000 | 13149 | 247498 | 0.03492880770753703 | inverse |
40000 | 32894 | 207282 | 0.13050038546521164 | inverse |
20000 | 19384 | 341823 | 0.0549611137928109 | inverse |
40000 | 29085 | 387057 | 0.05463905994465931 | inverse |
40000 | 27656 | 376474 | 0.05079064795975287 | inverse |
40000 | 36439 | 44342 | 0.7486134595868477 | saturating |
20000 | 13935 | 174026 | 0.05579172796018986 | inverse |
40000 | 38059 | 256249 | 0.14131640328352502 | inverse |
10000 | 9896 | 221581 | 0.04419639590037052 | inverse |
10000 | 7565 | 237244 | 0.024122517323936533 | inverse |
20000 | 15186 | 179458 | 0.06425308317266436 | inverse |
40000 | 35527 | 199046 | 0.15852714058559328 | inverse |
40000 | 18129 | 130409 | 0.0630057436603302 | inverse |
20000 | 12297 | 107635 | 0.0702449059320853 | inverse |
40000 | 27772 | 86448 | 0.2230485332222839 | saturating |
40000 | 34177 | 152993 | 0.1908694072604629 | inverse |
40000 | 25168 | 84231 | 0.18800329569873325 | inverse |
40000 | 23331 | 265106 | 0.05133187866362889 | inverse |
40000 | 24479 | 170045 | 0.08809748022582257 | inverse |
20000 | 14817 | 299865 | 0.036607054674603574 | inverse |
40000 | 19450 | 108885 | 0.08685826789732287 | inverse |
40000 | 19419 | 47006 | 0.20055820586733608 | saturating |
40000 | 7526 | 112899 | 0.012542333413050602 | inverse |
40000 | 9865 | 37798 | 0.06436731110111646 | inverse |
20000 | 7841 | 250793 | 0.01225737580394987 | inverse |
20000 | 16774 | 25861 | 0.5439988322183984 | saturating |
20000 | 17573 | 388654 | 0.03972818097845385 | inverse |
40000 | 27849 | 123801 | 0.15661561720018416 | inverse |
20000 | 17320 | 190583 | 0.07870124827502978 | inverse |
40000 | 28430 | 288807 | 0.06996583358436603 | inverse |
40000 | 14815 | 176482 | 0.03109158795231242 | inverse |
20000 | 12804 | 261344 | 0.03136525345904249 | inverse |
40000 | 39480 | 271207 | 0.1436790348331717 | inverse |
10000 | 6744 | 342219 | 0.01329018435563192 | inverse |
10000 | 8091 | 157321 | 0.04161191512894019 | inverse |
40000 | 6797 | 347663 | 0.003322125808613514 | inverse |
20000 | 13286 | 130360 | 0.06770397207732433 | inverse |
40000 | 37748 | 342701 | 0.10394713642504691 | inverse |
40000 | 6875 | 56902 | 0.020766240641805208 | inverse |
40000 | 16873 | 398551 | 0.01785832484424829 | inverse |
40000 | 9818 | 79250 | 0.030407925552050474 | inverse |
40000 | 24949 | 376982 | 0.0412786685438562 | inverse |
40000 | 15033 | 221189 | 0.025542758568464077 | inverse |
40000 | 38087 | 142062 | 0.2552793092100632 | inverse |
40000 | 7016 | 82954 | 0.014834804831593414 | inverse |
40000 | 13973 | 46825 | 0.10424171329418046 | saturating |
20000 | 17520 | 385273 | 0.03983544136235864 | inverse |
20000 | 8263 | 283793 | 0.012029396250083688 | inverse |
40000 | 32102 | 42481 | 0.6064701890256821 | saturating |
40000 | 15556 | 102491 | 0.05902692333961031 | inverse |
40000 | 21015 | 286316 | 0.03856143430684977 | inverse |
40000 | 12847 | 316987 | 0.013016733257199821 | inverse |
10000 | 8218 | 95344 | 0.07083353331095821 | inverse |
20000 | 6914 | 50111 | 0.04769750753327613 | inverse |
40000 | 12163 | 223430 | 0.016553122790135613 | inverse |
40000 | 21492 | 390465 | 0.029574101648035037 | inverse |
20000 | 14260 | 344169 | 0.029541823929522995 | inverse |
20000 | 8727 | 99364 | 0.03832400517289964 | inverse |
40000 | 20496 | 22435 | 0.46811457098283926 | saturating |
40000 | 30895 | 302680 | 0.07883747067860447 | inverse |
40000 | 8564 | 195223 | 0.009392092120293204 | inverse |
10000 | 7634 | 323283 | 0.01802691635502021 | inverse |
20000 | 15715 | 320430 | 0.03853590877882845 | inverse |
20000 | 17915 | 253554 | 0.06328971836374106 | inverse |
40000 | 24965 | 315011 | 0.04946265566916711 | inverse |
40000 | 33832 | 187427 | 0.15267333735267596 | inverse |
40000 | 30991 | 93201 | 0.2576265493395994 | saturating |
20000 | 9744 | 24180 | 0.19633071960297768 | saturating |
40000 | 17088 | 315453 | 0.023141303458835392 | inverse |
20000 | 11175 | 58384 | 0.10694764404631404 | inverse |
40000 | 29300 | 168421 | 0.12743214919754664 | inverse |
40000 | 18024 | 55553 | 0.1461957842060735 | saturating |
40000 | 15053 | 309296 | 0.01831520687302778 | inverse |
40000 | 32490 | 340811 | 0.07743295404197635 | inverse |
20000 | 13200 | 325058 | 0.02680137083228224 | inverse |
40000 | 39014 | 261184 | 0.14569156188740506 | inverse |
40000 | 5591 | 255357 | 0.003060350900895609 | inverse |
20000 | 19063 | 76963 | 0.2360861511375596 | inverse |
40000 | 32656 | 414676 | 0.06429202172298373 | inverse |
40000 | 15742 | 332710 | 0.018620612846022063 | inverse |
40000 | 5488 | 168156 | 0.004477708794214896 | inverse |
40000 | 26278 | 66825 | 0.2583364324728769 | saturating |
40000 | 21778 | 171817 | 0.06900965620398447 | inverse |
40000 | 20821 | 108191 | 0.10017331409266944 | inverse |
40000 | 18843 | 265873 | 0.033386113764842615 | inverse |
40000 | 6502 | 121598 | 0.008691755620980608 | inverse |
20000 | 14210 | 242361 | 0.04165771308089998 | inverse |
40000 | 37203 | 323134 | 0.10708121158714341 | inverse |
40000 | 6462 | 397829 | 0.0026240824575382887 | inverse |
40000 | 8948 | 145640 | 0.013743941224938204 | inverse |
40000 | 12272 | 307287 | 0.012252550872636983 | inverse |
20000 | 12124 | 376518 | 0.019519833845925025 | inverse |
40000 | 26148 | 337459 | 0.050651923937426464 | inverse |
20000 | 18984 | 65517 | 0.2750372086634003 | saturating |
10000 | 5276 | 331203 | 0.0084045663837586 | inverse |
40000 | 9042 | 368643 | 0.005544508101333811 | inverse |
20000 | 15465 | 410195 | 0.029152747473762477 | inverse |
20000 | 13908 | 210658 | 0.045911492561402846 | inverse |
20000 | 19831 | 390277 | 0.05038326124778042 | inverse |
20000 | 14698 | 172343 | 0.06267478342607474 | inverse |
20000 | 11964 | 15981 | 0.44783585507790497 | saturating |
40000 | 7173 | 256890 | 0.0050071946163727675 | inverse |
20000 | 10205 | 354484 | 0.014689241968607892 | inverse |
20000 | 6570 | 299167 | 0.007214181376956684 | inverse |
40000 | 14263 | 312803 | 0.016258888901321277 | inverse |
40000 | 36453 | 329081 | 0.10094940219885074 | inverse |
40000 | 12555 | 265150 | 0.014862155855176315 | inverse |
40000 | 10879 | 40936 | 0.07227907037815126 | inverse |
40000 | 9378 | 401637 | 0.005474276772309324 | inverse |
40000 | 34418 | 417440 | 0.07094425091031047 | inverse |
20000 | 12380 | 266293 | 0.0287773993308123 | inverse |
20000 | 18066 | 106487 | 0.15324892052551015 | inverse |
40000 | 9808 | 131715 | 0.01825852484530995 | inverse |
20000 | 19145 | 89144 | 0.20558367641119987 | inverse |
40000 | 19207 | 21754 | 0.4239551909993564 | saturating |
40000 | 32114 | 47029 | 0.548230345106211 | saturating |
40000 | 27824 | 139616 | 0.13862576209030483 | inverse |
20000 | 13876 | 117996 | 0.08158894199803382 | inverse |
10000 | 9641 | 346508 | 0.02682445455804772 | inverse |
40000 | 27255 | 271876 | 0.068306417723521 | inverse |
10000 | 5435 | 312588 | 0.009449890910719542 | inverse |
40000 | 30011 | 123926 | 0.181693131586592 | inverse |
10000 | 7132 | 294637 | 0.01726375981292234 | inverse |
40000 | 10456 | 148282 | 0.018432435494530695 | inverse |
40000 | 31884 | 269433 | 0.09432673948625447 | inverse |
40000 | 19264 | 360761 | 0.025716589099154284 | inverse |
40000 | 20739 | 225199 | 0.04774733913116843 | inverse |
40000 | 20795 | 84686 | 0.1276574714238481 | inverse |
20000 | 6247 | 366989 | 0.005316918082013358 | inverse |
20000 | 11783 | 402808 | 0.017233904118091 | inverse |
40000 | 18925 | 97277 | 0.0920452997625338 | inverse |
20000 | 6164 | 354652 | 0.005356644823658121 | inverse |
40000 | 29151 | 186141 | 0.11413133068480345 | inverse |
40000 | 10279 | 148917 | 0.017737706406924663 | inverse |
40000 | 23602 | 289331 | 0.04813296915988954 | inverse |
40000 | 5566 | 214850 | 0.003604882010705143 | inverse |
40000 | 12034 | 339569 | 0.010661835738833638 | inverse |
40000 | 5774 | 131257 | 0.006349961525861478 | inverse |
40000 | 39002 | 285496 | 0.13320291737887746 | inverse |
20000 | 12899 | 377857 | 0.02201682131070749 | inverse |
40000 | 39259 | 357806 | 0.10768887895954792 | inverse |
40000 | 34642 | 153373 | 0.195612683457975 | inverse |
40000 | 23270 | 221108 | 0.06122493306438482 | inverse |
20000 | 18984 | 110305 | 0.1633617043651693 | inverse |
20000 | 17815 | 378062 | 0.04197383299564622 | inverse |
40000 | 39724 | 331451 | 0.11902182947102287 | inverse |
40000 | 11542 | 50147 | 0.06641362593973717 | inverse |
40000 | 36393 | 153122 | 0.21624104455924034 | inverse |
40000 | 32622 | 265735 | 0.10011805783957702 | inverse |
10000 | 8250 | 116650 | 0.05834762108872695 | inverse |
40000 | 16517 | 349188 | 0.01953183449889458 | inverse |
40000 | 11135 | 108845 | 0.028478162754375484 | inverse |
20000 | 16808 | 283499 | 0.04982537222353518 | inverse |
20000 | 16495 | 110611 | 0.12299184755584887 | inverse |
40000 | 35733 | 69246 | 0.46098232713802967 | saturating |
20000 | 5461 | 233182 | 0.006394687625974561 | inverse |
20000 | 10984 | 25990 | 0.23210514813389765 | saturating |
40000 | 35366 | 421544 | 0.07417695163494202 | inverse |
40000 | 17131 | 279442 | 0.02625510490549023 | inverse |
40000 | 38686 | 273248 | 0.13692749773099894 | inverse |
20000 | 14896 | 315492 | 0.03516583875343907 | inverse |
40000 | 22152 | 162261 | 0.07560521382217537 | inverse |
20000 | 6661 | 217880 | 0.010181962777675786 | inverse |
40000 | 9548 | 26822 | 0.0849715755722914 | saturating |
40000 | 11572 | 381760 | 0.008769330469404863 | inverse |
40000 | 10461 | 228624 | 0.011966429705542726 | inverse |
40000 | 31265 | 245918 | 0.09937257795281354 | inverse |
10000 | 5545 | 210448 | 0.014610271896145366 | inverse |
10000 | 8671 | 292468 | 0.02570751022334067 | inverse |
40000 | 36958 | 275931 | 0.123753199531767 | inverse |
40000 | 37453 | 334110 | 0.1049599839124839 | inverse |
20000 | 18284 | 44670 | 0.37419370494739196 | saturating |
40000 | 20767 | 123658 | 0.08718972670591471 | inverse |
40000 | 34826 | 213083 | 0.14229786937484454 | inverse |
40000 | 24909 | 398320 | 0.038942199801667 | inverse |
20000 | 15542 | 394534 | 0.030612540871002247 | inverse |
40000 | 29182 | 53094 | 0.4009818077372208 | saturating |
40000 | 17870 | 147631 | 0.054076870711435944 | inverse |
20000 | 14626 | 116050 | 0.09216711589831968 | inverse |
40000 | 12266 | 396515 | 0.00948606963166589 | inverse |
40000 | 7089 | 312208 | 0.004024073774534925 | inverse |
40000 | 22642 | 101431 | 0.1263568741311828 | inverse |
40000 | 9403 | 330515 | 0.0066877758195543315 | inverse |
40000 | 23741 | 48508 | 0.2904856317514637 | saturating |
40000 | 22403 | 186750 | 0.06718800655957162 | inverse |
20000 | 15966 | 58054 | 0.21954831363902574 | inverse |
40000 | 26209 | 390634 | 0.043961334714848165 | inverse |
40000 | 30088 | 352480 | 0.06420844757149341 | inverse |
20000 | 6271 | 232793 | 0.00844643975549093 | inverse |
40000 | 17734 | 281948 | 0.02788588285783194 | inverse |
20000 | 17125 | 53144 | 0.27591602532741233 | saturating |
20000 | 11927 | 255391 | 0.02785010611180504 | inverse |
20000 | 7915 | 384573 | 0.008145036833059003 | inverse |
20000 | 13928 | 394019 | 0.024616729650093015 | inverse |
10000 | 6286 | 397678 | 0.00993612822434231 | inverse |
40000 | 16102 | 358556 | 0.018077678521625635 | inverse |
40000 | 10643 | 345924 | 0.008186295906037165 | inverse |
40000 | 28836 | 121688 | 0.17082927157977779 | inverse |
40000 | 10139 | 273645 | 0.009391668128414552 | inverse |
40000 | 23604 | 287586 | 0.04843323527570883 | inverse |
20000 | 16015 | 36396 | 0.3523467207934938 | saturating |
20000 | 9814 | 19083 | 0.252357061258712 | saturating |
40000 | 7561 | 100676 | 0.014196213844411776 | inverse |
40000 | 27605 | 259083 | 0.07353203654813323 | inverse |
40000 | 6816 | 275667 | 0.004213222474942594 | inverse |
40000 | 27938 | 399712 | 0.048818389490433114 | inverse |
40000 | 24771 | 224614 | 0.06829521323247884 | inverse |
20000 | 17957 | 279537 | 0.05767641653877662 | inverse |
20000 | 7679 | 169110 | 0.017434522204482293 | inverse |
40000 | 25272 | 27770 | 0.574967576521426 | saturating |
40000 | 5306 | 249091 | 0.0028256376183804313 | inverse |
40000 | 30278 | 241176 | 0.09502990388761734 | inverse |
20000 | 18860 | 403098 | 0.044120734908136484 | inverse |
20000 | 19956 | 129170 | 0.15415419060153288 | inverse |
40000 | 20028 | 168776 | 0.059416146845523064 | inverse |
20000 | 6720 | 400152 | 0.005642655790799497 | inverse |
20000 | 19285 | 350874 | 0.05299783184276977 | inverse |
40000 | 34447 | 411621 | 0.07206846887063585 | inverse |
40000 | 21549 | 248384 | 0.046738054886788206 | inverse |
10000 | 8728 | 192845 | 0.03950218258186627 | inverse |
40000 | 5014 | 125876 | 0.00499304792017541 | inverse |
20000 | 12457 | 356815 | 0.02174472051343133 | inverse |
10000 | 6612 | 165219 | 0.02646096635374866 | inverse |
10000 | 9332 | 112460 | 0.07743751022585808 | inverse |
40000 | 13794 | 164085 | 0.02899022396928421 | inverse |
40000 | 34619 | 269172 | 0.11131127689729987 | inverse |
40000 | 20415 | 250814 | 0.041541961872144297 | inverse |
40000 | 32229 | 346815 | 0.07487482094200079 | inverse |
40000 | 37926 | 140071 | 0.2567236394399983 | inverse |
20000 | 8788 | 264980 | 0.014572598686693337 | inverse |
40000 | 17616 | 284449 | 0.027274085688471394 | inverse |
40000 | 34958 | 229470 | 0.1331396003834924 | inverse |
40000 | 11112 | 367097 | 0.008408986180764211 | inverse |
40000 | 33234 | 384794 | 0.0717590942166458 | inverse |
20000 | 14871 | 144664 | 0.07643457978488083 | inverse |
40000 | 21870 | 26256 | 0.4554167618829981 | saturating |
40000 | 37702 | 234661 | 0.15143556065984548 | inverse |
10000 | 9969 | 396312 | 0.025076445073578396 | inverse |
20000 | 10269 | 360814 | 0.014613119363439333 | inverse |
40000 | 19846 | 31749 | 0.3101386783835711 | saturating |
40000 | 27085 | 371638 | 0.04934891110435424 | inverse |
40000 | 18958 | 179742 | 0.049989118291773764 | inverse |
40000 | 21956 | 398770 | 0.03022205381548261 | inverse |
40000 | 6490 | 310482 | 0.003391509008573766 | inverse |
20000 | 14383 | 93895 | 0.11016065232440492 | inverse |
20000 | 7167 | 243189 | 0.010560898930461493 | inverse |
40000 | 26856 | 344590 | 0.05232629617806669 | inverse |
40000 | 11160 | 262179 | 0.011876008375956886 | inverse |
40000 | 19613 | 60469 | 0.15903593948965586 | saturating |
40000 | 13219 | 307276 | 0.014217019959254874 | inverse |
40000 | 37827 | 317505 | 0.11266609415599756 | inverse |
40000 | 35614 | 70483 | 0.44988046621171063 | saturating |
40000 | 34507 | 81105 | 0.3670344149559213 | saturating |
40000 | 7501 | 68458 | 0.020547270224078998 | inverse |
40000 | 23755 | 366174 | 0.03852676767056099 | inverse |
40000 | 5146 | 147404 | 0.004491281783398008 | inverse |
20000 | 16791 | 194545 | 0.07246078824950526 | inverse |
40000 | 5056 | 210886 | 0.0030304448849141244 | inverse |
40000 | 24810 | 356007 | 0.04322499978932998 | inverse |
40000 | 9884 | 153220 | 0.015940062655005874 | inverse |
10000 | 6961 | 341440 | 0.014191518568416122 | inverse |
40000 | 35775 | 379643 | 0.08427987774040349 | inverse |
40000 | 35016 | 175852 | 0.17431138912267133 | inverse |
40000 | 29060 | 284622 | 0.07417588942527283 | inverse |
20000 | 6466 | 331384 | 0.006308264128624195 | inverse |
40000 | 34714 | 222318 | 0.13551104678883402 | inverse |
40000 | 11724 | 71645 | 0.047962933910251936 | inverse |
40000 | 16319 | 290418 | 0.02292469483640821 | inverse |
40000 | 33666 | 296679 | 0.09550722801411626 | inverse |
40000 | 24193 | 46446 | 0.3150439483486199 | saturating |
40000 | 6856 | 26046 | 0.0451170390846963 | inverse |
40000 | 34350 | 242592 | 0.12159536382073605 | inverse |
40000 | 34863 | 195502 | 0.155424083768964 | inverse |
20000 | 19317 | 217283 | 0.0858664711459249 | inverse |
40000 | 28486 | 329119 | 0.061638206545352896 | inverse |
20000 | 15549 | 50507 | 0.23934444829429583 | saturating |
20000 | 12700 | 180085 | 0.04478163089652108 | inverse |
40000 | 9207 | 270440 | 0.007836197400532464 | inverse |
40000 | 9358 | 308601 | 0.007094287121558258 | inverse |
40000 | 9421 | 269296 | 0.00823956176474957 | inverse |
40000 | 20750 | 139566 | 0.07712524898614277 | inverse |
40000 | 38520 | 193181 | 0.1920207473819889 | inverse |
40000 | 17685 | 346422 | 0.02257068149540156 | inverse |
40000 | 5649 | 22151 | 0.03601553090153943 | inverse |
10000 | 5376 | 33079 | 0.08737076695184255 | inverse |
40000 | 38552 | 216532 | 0.17159781279441377 | inverse |
40000 | 20431 | 289555 | 0.03604028258880006 | inverse |
40000 | 10452 | 351458 | 0.007770793665245917 | inverse |
40000 | 14217 | 325197 | 0.015538511194752719 | inverse |
20000 | 17946 | 47162 | 0.34143899325728344 | saturating |
40000 | 32232 | 174481 | 0.1488560106831116 | inverse |
40000 | 35163 | 118478 | 0.2609000339725519 | inverse |
40000 | 18259 | 72598 | 0.11480725398771316 | inverse |
40000 | 12180 | 166837 | 0.022230140796106378 | inverse |
40000 | 11570 | 55393 | 0.06041598216381131 | inverse |
20000 | 13396 | 111902 | 0.08018302443209235 | inverse |
10000 | 7401 | 72537 | 0.07551291203110137 | inverse |
20000 | 17326 | 160503 | 0.09351547198494731 | inverse |
40000 | 23816 | 257237 | 0.05512444321773307 | inverse |
20000 | 10941 | 12104 | 0.49448728106411105 | saturating |
20000 | 18638 | 201875 | 0.0860371626006192 | inverse |
40000 | 19878 | 195504 | 0.05052772372943776 | inverse |
40000 | 36249 | 348476 | 0.09426689363112524 | inverse |
40000 | 16004 | 179799 | 0.03561310352115418 | inverse |
40000 | 16350 | 52555 | 0.1271632099705071 | saturating |
40000 | 19973 | 97978 | 0.10178834253607953 | inverse |
40000 | 25853 | 206663 | 0.08085356461969487 | inverse |
40000 | 21257 | 139583 | 0.08093035129636131 | inverse |
40000 | 28794 | 410993 | 0.05043239398237926 | inverse |
40000 | 37463 | 269512 | 0.1301868162642109 | inverse |
40000 | 14583 | 278180 | 0.019112075724351137 | inverse |
40000 | 24004 | 244143 | 0.05900148847192015 | inverse |
40000 | 38782 | 264601 | 0.14210486014792084 | inverse |
20000 | 5037 | 185355 | 0.006843993687788299 | inverse |
10000 | 7702 | 132990 | 0.0446054620648169 | inverse |
10000 | 6516 | 364057 | 0.011662529768690066 | inverse |
40000 | 16099 | 421731 | 0.015363928724708405 | inverse |
40000 | 26362 | 226521 | 0.07669874360434574 | inverse |
10000 | 9128 | 61296 | 0.1359311929000261 | inverse |
20000 | 7247 | 155588 | 0.016877589852687867 | inverse |
20000 | 9394 | 40303 | 0.1094797359998015 | inverse |
20000 | 19680 | 369964 | 0.052343255019407293 | inverse |
40000 | 13248 | 279121 | 0.015719840499281674 | inverse |
40000 | 29564 | 110624 | 0.19752271116575065 | inverse |
40000 | 9878 | 38041 | 0.06412481533082727 | inverse |
40000 | 15168 | 382890 | 0.015021822455535532 | inverse |
20000 | 7372 | 181434 | 0.014976901793489643 | inverse |
40000 | 29452 | 202655 | 0.10700701981199576 | inverse |
20000 | 5670 | 194110 | 0.008281103498016588 | inverse |
40000 | 30475 | 279007 | 0.08321705414201078 | inverse |
10000 | 5512 | 87528 | 0.03471134265606434 | inverse |
40000 | 25643 | 52812 | 0.311275585567674 | saturating |
40000 | 18717 | 318606 | 0.02748897454850191 | inverse |
40000 | 23876 | 214635 | 0.06639916323060079 | inverse |
20000 | 10719 | 172404 | 0.0333220113802464 | inverse |
40000 | 28937 | 83383 | 0.25105536170442416 | saturating |
40000 | 7869 | 44551 | 0.03474734629974636 | inverse |
20000 | 6272 | 304205 | 0.006465703062079847 | inverse |
40000 | 8957 | 140459 | 0.01427958496785539 | inverse |
20000 | 6911 | 94104 | 0.02537720022528267 | inverse |
40000 | 16199 | 76016 | 0.0863001213560303 | inverse |
40000 | 33918 | 182477 | 0.1576131134334738 | inverse |
10000 | 8743 | 194731 | 0.03925417576040795 | inverse |
20000 | 12947 | 419335 | 0.019986980457152397 | inverse |
20000 | 11294 | 390165 | 0.01634621711327259 | inverse |
40000 | 30668 | 273501 | 0.08597100412795566 | inverse |
40000 | 33628 | 263884 | 0.10713442118506618 | inverse |
20000 | 15410 | 297212 | 0.03994927862939585 | inverse |
20000 | 11072 | 272483 | 0.02249483160417347 | inverse |
40000 | 12306 | 156950 | 0.024121955399808853 | inverse |
20000 | 10083 | 363896 | 0.013969223212126541 | inverse |
40000 | 10763 | 36258 | 0.07987352377406366 | saturating |
10000 | 6596 | 324463 | 0.01340899147206307 | inverse |
40000 | 28527 | 282764 | 0.0719495523652233 | inverse |
40000 | 32566 | 337440 | 0.07857280968468469 | inverse |
10000 | 5234 | 94221 | 0.02907500026533363 | inverse |
40000 | 24446 | 265221 | 0.056331032987583934 | inverse |
40000 | 34611 | 339157 | 0.08830138556774592 | inverse |
40000 | 28789 | 204377 | 0.10138206855468081 | inverse |
20000 | 9396 | 350858 | 0.01258127447571382 | inverse |
10000 | 8701 | 106802 | 0.07088575213947304 | inverse |
10000 | 9902 | 42941 | 0.2283356326121888 | inverse |
20000 | 15776 | 379526 | 0.03278855414385312 | inverse |
40000 | 20999 | 37007 | 0.29788823803604725 | saturating |
40000 | 38068 | 319762 | 0.11330087877859157 | inverse |
20000 | 8904 | 117998 | 0.033594304988220136 | inverse |
20000 | 7314 | 89822 | 0.029778114493108594 | inverse |
40000 | 17165 | 306681 | 0.024018216404015896 | inverse |
40000 | 31608 | 320637 | 0.07789694140102359 | inverse |
40000 | 24900 | 256009 | 0.06054572300192572 | inverse |
40000 | 32030 | 419528 | 0.061135424810739684 | inverse |
40000 | 30359 | 196874 | 0.11703791270050894 | inverse |
40000 | 36553 | 79218 | 0.4216597897573784 | saturating |
40000 | 35251 | 141988 | 0.21879190512578528 | inverse |
20000 | 10021 | 237738 | 0.021119981029536716 | inverse |
40000 | 14569 | 369745 | 0.01435149636911926 | inverse |
40000 | 20239 | 59292 | 0.17271179965256694 | saturating |
20000 | 17737 | 190094 | 0.0827488424148053 | inverse |
20000 | 5905 | 56653 | 0.03077420877976453 | inverse |
40000 | 34708 | 118139 | 0.25492116574543544 | inverse |
40000 | 32722 | 357349 | 0.0749078130902843 | inverse |
40000 | 23758 | 210447 | 0.06705281662366297 | inverse |
40000 | 21089 | 256312 | 0.04337935026452137 | inverse |
40000 | 15391 | 333109 | 0.017778180790672123 | inverse |
40000 | 11652 | 160768 | 0.02111258210589172 | inverse |
40000 | 29619 | 198309 | 0.11059573203939306 | inverse |
40000 | 25001 | 88425 | 0.1767175575346339 | inverse |
20000 | 17053 | 363218 | 0.04003171772874692 | inverse |
40000 | 11296 | 109559 | 0.02911664400003651 | inverse |
20000 | 17717 | 79000 | 0.19866587911392405 | inverse |
20000 | 19813 | 313057 | 0.06269704382907905 | inverse |
40000 | 32613 | 114482 | 0.23226528384374837 | inverse |
20000 | 14972 | 408690 | 0.027424304974430498 | inverse |
40000 | 18350 | 243890 | 0.03451581655664439 | inverse |
20000 | 9675 | 86324 | 0.0542176132941013 | inverse |
20000 | 13924 | 383064 | 0.0253061859114926 | inverse |
40000 | 23328 | 40779 | 0.3336248951666299 | saturating |
10000 | 5224 | 90058 | 0.030302889249150547 | inverse |
40000 | 32193 | 147947 | 0.17512846644406443 | inverse |
40000 | 11113 | 201578 | 0.01531649894829793 | inverse |
40000 | 5870 | 179183 | 0.004807501269651696 | inverse |
40000 | 16152 | 188617 | 0.03457894887523394 | inverse |
40000 | 26105 | 185142 | 0.09202004745006535 | inverse |
10000 | 7531 | 250179 | 0.022670152570759335 | inverse |
10000 | 8806 | 88203 | 0.08791723184018685 | inverse |
20000 | 18086 | 50794 | 0.3219901917549317 | saturating |
20000 | 14385 | 22117 | 0.467803556088077 | saturating |
40000 | 20699 | 308662 | 0.034702085209711596 | inverse |
40000 | 34101 | 238853 | 0.12171484145059933 | inverse |
40000 | 28309 | 182063 | 0.11004425404942245 | inverse |
20000 | 18190 | 52245 | 0.31665814910517753 | saturating |
40000 | 33926 | 214326 | 0.1342549989268684 | inverse |
40000 | 5819 | 333068 | 0.0025415801728175627 | inverse |
40000 | 30206 | 389799 | 0.058517494657502965 | inverse |
40000 | 39534 | 175387 | 0.2227840655236705 | inverse |
40000 | 24507 | 316458 | 0.04744650546044025 | inverse |
10000 | 8314 | 337440 | 0.020484410858226648 | inverse |
20000 | 11840 | 333513 | 0.02101651209997811 | inverse |
10000 | 6313 | 197579 | 0.020171156347587545 | inverse |
40000 | 24037 | 28586 | 0.5052974961519625 | saturating |
20000 | 11773 | 316606 | 0.02188896120098798 | inverse |
40000 | 36113 | 346476 | 0.0941009455921911 | inverse |
20000 | 13851 | 77925 | 0.12309926275264678 | inverse |
40000 | 32560 | 124313 | 0.21320248083466734 | inverse |
10000 | 5924 | 329965 | 0.010635605594532754 | inverse |
20000 | 9025 | 238940 | 0.01704415857537457 | inverse |
40000 | 10690 | 93118 | 0.03068045383277132 | inverse |
20000 | 11145 | 318900 | 0.01947491768579492 | inverse |
10000 | 6655 | 173545 | 0.025520196490823707 | inverse |
40000 | 34864 | 282212 | 0.10767601094212863 | inverse |
40000 | 39557 | 89505 | 0.4370583344505894 | saturating |
20000 | 18022 | 381802 | 0.04253415173309726 | inverse |
40000 | 18625 | 263567 | 0.0329034576597222 | inverse |
20000 | 7361 | 332589 | 0.008145837805820396 | inverse |
20000 | 6911 | 69908 | 0.034160554586027354 | inverse |
40000 | 37085 | 98005 | 0.35082322968215907 | saturating |
20000 | 11786 | 93212 | 0.07451282882032356 | inverse |
20000 | 13953 | 220233 | 0.04420005380665023 | inverse |
10000 | 5421 | 202867 | 0.014485964203147876 | inverse |
20000 | 12963 | 113473 | 0.07404376768041737 | inverse |
40000 | 12217 | 174672 | 0.021362194427269394 | inverse |
40000 | 37869 | 140590 | 0.25500767497688315 | inverse |
40000 | 14904 | 164974 | 0.0336612460145235 | inverse |
20000 | 5023 | 231709 | 0.005444443029834836 | inverse |
40000 | 24830 | 177033 | 0.08706412081363363 | inverse |
40000 | 24129 | 348737 | 0.04173694223727336 | inverse |
40000 | 15017 | 273004 | 0.02065082279014227 | inverse |
40000 | 39712 | 297434 | 0.13255402408601571 | inverse |
40000 | 33036 | 89284 | 0.30559151023699654 | saturating |
40000 | 14228 | 98059 | 0.05161076086845674 | inverse |
20000 | 13732 | 244861 | 0.03850507512425417 | inverse |
10000 | 7313 | 37936 | 0.14097419074230283 | inverse |
20000 | 14862 | 272213 | 0.040570994772475964 | inverse |
40000 | 32634 | 268785 | 0.09905481667503765 | inverse |
20000 | 14414 | 59313 | 0.17514153389644765 | inverse |
40000 | 27546 | 266225 | 0.0712538375434313 | inverse |
20000 | 5809 | 209696 | 0.008046047850221272 | inverse |
20000 | 19105 | 113848 | 0.16030190473262595 | inverse |
40000 | 36300 | 303052 | 0.10870164196243548 | inverse |
20000 | 15781 | 28510 | 0.4367589635215714 | saturating |
40000 | 6685 | 32507 | 0.03436892438551697 | inverse |
10000 | 5865 | 333642 | 0.010309920513604402 | inverse |
40000 | 31980 | 136766 | 0.18694712136057207 | inverse |
10000 | 8566 | 265313 | 0.027656524934699767 | inverse |
10000 | 9134 | 114692 | 0.0727426115160604 | inverse |
20000 | 16666 | 406501 | 0.034164190986000036 | inverse |
20000 | 18262 | 145644 | 0.11449172090851666 | inverse |
40000 | 9115 | 149915 | 0.013855055364706667 | inverse |
20000 | 14048 | 114995 | 0.08580647158572112 | inverse |
20000 | 11924 | 343047 | 0.020723366768985004 | inverse |
10000 | 6904 | 265584 | 0.01794732212783903 | inverse |
40000 | 8376 | 60583 | 0.028950933430170182 | inverse |
20000 | 11295 | 217766 | 0.0292922276663942 | inverse |
10000 | 8263 | 48767 | 0.14000690836016158 | inverse |
40000 | 7488 | 305355 | 0.004590570319791718 | inverse |
20000 | 15126 | 153682 | 0.074438085136841 | inverse |
20000 | 7482 | 248486 | 0.01126428128747696 | inverse |
40000 | 5944 | 404145 | 0.0021855482561951778 | inverse |
40000 | 39116 | 406313 | 0.09414302865032623 | inverse |
20000 | 17442 | 155221 | 0.09799684449913348 | inverse |
40000 | 23135 | 382842 | 0.03495098663417284 | inverse |
40000 | 14329 | 177754 | 0.02887702119220946 | inverse |
40000 | 19998 | 132065 | 0.07570514595085753 | inverse |
40000 | 32548 | 157024 | 0.1686640742816385 | inverse |
10000 | 5342 | 149970 | 0.019028448356337935 | inverse |
40000 | 30412 | 306960 | 0.07532656893406306 | inverse |
20000 | 8633 | 44340 | 0.08404227447000451 | inverse |
20000 | 9829 | 342962 | 0.014084540123978749 | inverse |
40000 | 36805 | 119973 | 0.282273516749602 | inverse |
40000 | 33841 | 147756 | 0.1937676441227429 | inverse |
40000 | 13631 | 61293 | 0.07578522873737621 | inverse |
40000 | 32026 | 89943 | 0.285087409803987 | saturating |
40000 | 22162 | 346795 | 0.03540666993468765 | inverse |
40000 | 29593 | 101348 | 0.21602440329360223 | inverse |
40000 | 18760 | 127879 | 0.06880285269668983 | inverse |
40000 | 17258 | 143701 | 0.05181567351653781 | inverse |
40000 | 18631 | 89590 | 0.0968618598615917 | inverse |
40000 | 34735 | 411267 | 0.07334166277624998 | inverse |
20000 | 17465 | 253948 | 0.06005682757887442 | inverse |
40000 | 35776 | 306092 | 0.10453737569096873 | inverse |
40000 | 13551 | 418446 | 0.010970925818385168 | inverse |
40000 | 15382 | 202459 | 0.029216523345467475 | inverse |
40000 | 28993 | 74332 | 0.28271607416724964 | saturating |
40000 | 17917 | 403653 | 0.01988210721832861 | inverse |
40000 | 30622 | 158841 | 0.14758577508325935 | inverse |
10000 | 5036 | 93237 | 0.0272008923496037 | inverse |
40000 | 20896 | 138979 | 0.07854474704811518 | inverse |
40000 | 6229 | 347210 | 0.0027937300912992133 | inverse |
40000 | 36403 | 74590 | 0.44415417917951466 | saturating |
40000 | 12847 | 81734 | 0.050482482504221014 | inverse |
40000 | 10613 | 268511 | 0.010487072131123118 | inverse |
40000 | 32263 | 327319 | 0.07950204303752609 | inverse |
20000 | 10004 | 324957 | 0.015398962939712024 | inverse |
40000 | 12931 | 321333 | 0.013009149464885336 | inverse |
40000 | 36633 | 279444 | 0.120057747616696 | inverse |
20000 | 19154 | 182470 | 0.1005304203430701 | inverse |
40000 | 9367 | 265374 | 0.008265757854951879 | inverse |
40000 | 6805 | 266357 | 0.004346424629350833 | inverse |
40000 | 10549 | 79773 | 0.034874393905206025 | inverse |
40000 | 17855 | 337450 | 0.023618389761446142 | inverse |
40000 | 21340 | 30102 | 0.37821041791243104 | saturating |
20000 | 19193 | 142339 | 0.12939926829611 | inverse |
20000 | 18126 | 314191 | 0.05228537354666429 | inverse |
10000 | 9686 | 171698 | 0.05464163589558411 | inverse |
40000 | 27532 | 348438 | 0.05438636314064482 | inverse |
40000 | 17394 | 66014 | 0.11457843639228042 | inverse |
40000 | 38683 | 343046 | 0.1090505711333174 | inverse |
10000 | 9785 | 129774 | 0.0737792046172577 | inverse |
20000 | 19707 | 376297 | 0.051603633433165826 | inverse |
10000 | 7750 | 172610 | 0.03479665141069463 | inverse |
10000 | 5999 | 404285 | 0.00890164141632759 | inverse |
40000 | 26312 | 397221 | 0.043572806070172526 | inverse |
40000 | 29577 | 67662 | 0.3232238660548018 | saturating |
40000 | 5894 | 351087 | 0.0024736914212146847 | inverse |
20000 | 18301 | 349611 | 0.04789989459713796 | inverse |
20000 | 8757 | 11854 | 0.3234564239919015 | saturating |
20000 | 13073 | 249733 | 0.03421720978004508 | inverse |
20000 | 6489 | 375143 | 0.005612142702915954 | inverse |
20000 | 15823 | 33458 | 0.3741516662681571 | saturating |
20000 | 8788 | 317863 | 0.012148149359944379 | inverse |
40000 | 37797 | 91478 | 0.39042535063075273 | saturating |
20000 | 6539 | 196772 | 0.010864991208098713 | inverse |
40000 | 23421 | 170424 | 0.080467428443177 | inverse |
40000 | 20134 | 76724 | 0.13208968380167874 | inverse |
40000 | 9945 | 176614 | 0.013999884635419617 | inverse |
10000 | 7034 | 257130 | 0.01924207832613853 | inverse |
40000 | 29319 | 234527 | 0.09163164166599155 | inverse |
40000 | 27277 | 370453 | 0.050211142101697116 | inverse |
40000 | 29016 | 51791 | 0.40640664208067045 | saturating |
20000 | 19845 | 52767 | 0.3731726505202115 | saturating |
40000 | 22146 | 297430 | 0.04122359176949198 | inverse |
40000 | 28863 | 238848 | 0.08719695883993167 | inverse |
40000 | 24676 | 296595 | 0.051324615721775484 | inverse |
20000 | 8059 | 200147 | 0.016224944915487118 | inverse |
40000 | 7474 | 104999 | 0.013300287621786873 | inverse |
40000 | 6331 | 409000 | 0.002449973166259169 | inverse |
20000 | 13420 | 57498 | 0.1566110125569585 | inverse |
20000 | 13980 | 139272 | 0.07016500086162329 | inverse |
40000 | 22415 | 371246 | 0.0338341844087209 | inverse |
40000 | 32552 | 123812 | 0.21396001679966398 | inverse |
40000 | 29631 | 80900 | 0.27132143417799753 | saturating |
40000 | 20649 | 48504 | 0.2197659991959426 | saturating |
10000 | 6683 | 377325 | 0.011836610084144968 | inverse |
40000 | 24078 | 117042 | 0.12383376992874352 | inverse |
40000 | 34802 | 90434 | 0.3348240716986974 | saturating |
40000 | 15012 | 57390 | 0.09817047569262939 | inverse |
40000 | 34255 | 230468 | 0.12728502709703735 | inverse |
10000 | 9743 | 47713 | 0.1989521702680611 | inverse |
40000 | 35739 | 206336 | 0.15475681909603753 | inverse |
40000 | 21004 | 295450 | 0.03733017566424099 | inverse |
40000 | 27558 | 398870 | 0.04759967934414721 | inverse |
40000 | 34448 | 307162 | 0.09658296794525364 | inverse |
20000 | 18641 | 332794 | 0.05220750389129612 | inverse |
20000 | 7603 | 123312 | 0.023438760623459193 | inverse |
40000 | 36689 | 87803 | 0.3832678612917554 | saturating |
40000 | 33876 | 114184 | 0.251257482659567 | inverse |
10000 | 8401 | 197121 | 0.03580379614551468 | inverse |
20000 | 6768 | 41669 | 0.05496391082099402 | inverse |
40000 | 14131 | 86980 | 0.05739398741089906 | inverse |
40000 | 6542 | 321635 | 0.003326578575092885 | inverse |
10000 | 8482 | 88169 | 0.08159820798693418 | inverse |
40000 | 24093 | 292379 | 0.04963357910451845 | inverse |
20000 | 5141 | 115370 | 0.011454399323914363 | inverse |
40000 | 37918 | 191549 | 0.18765103498321578 | inverse |
40000 | 26781 | 353795 | 0.05068061737729476 | inverse |
40000 | 15596 | 266825 | 0.022789770074018553 | inverse |
40000 | 7976 | 229052 | 0.006943464366170127 | inverse |
40000 | 20533 | 235042 | 0.04484348424962347 | inverse |
40000 | 15823 | 141606 | 0.044201398422383235 | inverse |
20000 | 12105 | 68561 | 0.10686179095987514 | inverse |
20000 | 6557 | 323653 | 0.006642028499658584 | inverse |
20000 | 15557 | 362621 | 0.033370964312601864 | inverse |
10000 | 9420 | 349127 | 0.02541665353868363 | inverse |
40000 | 28870 | 96359 | 0.2162426187486379 | inverse |
20000 | 16885 | 418247 | 0.03408311655552819 | inverse |
40000 | 27747 | 337415 | 0.057043700561622925 | inverse |
40000 | 11493 | 417942 | 0.007901159072311469 | inverse |
20000 | 7486 | 115680 | 0.024222076417704016 | inverse |
40000 | 32927 | 218307 | 0.12415856213955576 | inverse |
40000 | 27138 | 265515 | 0.06934363821253037 | inverse |
40000 | 37698 | 110749 | 0.3208018140118647 | saturating |
20000 | 11679 | 286178 | 0.023831154211714386 | inverse |
40000 | 8543 | 153214 | 0.011908645587217877 | inverse |
40000 | 33875 | 115454 | 0.2484789667313389 | inverse |
10000 | 6694 | 78471 | 0.05710343438977457 | inverse |
20000 | 5768 | 331853 | 0.005012735156831488 | inverse |
40000 | 26741 | 231707 | 0.07715359063386087 | inverse |
40000 | 28439 | 109920 | 0.183946670533115 | inverse |
40000 | 27566 | 69322 | 0.2740415582354808 | saturating |
40000 | 39782 | 72474 | 0.5459225115213733 | saturating |
40000 | 20748 | 344564 | 0.031233639033677346 | inverse |
40000 | 27138 | 38287 | 0.4808884503878601 | saturating |
40000 | 39505 | 339570 | 0.11489862362693995 | inverse |
40000 | 31428 | 409528 | 0.0602961936668555 | inverse |
10000 | 5294 | 403001 | 0.006954433363688924 | inverse |
40000 | 11085 | 310243 | 0.00990169198015749 | inverse |
40000 | 8628 | 380376 | 0.004892684081014576 | inverse |
20000 | 16860 | 61187 | 0.23228757742657755 | inverse |
40000 | 14122 | 193659 | 0.02574510918676643 | inverse |
20000 | 15614 | 394573 | 0.030893775803210052 | inverse |
40000 | 37955 | 250162 | 0.14396491323622293 | inverse |
40000 | 8755 | 15376 | 0.12462608123048906 | saturating |
10000 | 9438 | 236856 | 0.037607594487790046 | inverse |
40000 | 36892 | 70280 | 0.4841418838929994 | saturating |
20000 | 11502 | 268773 | 0.024611103793907865 | inverse |
40000 | 16345 | 320032 | 0.020869711856939307 | inverse |
40000 | 6854 | 323762 | 0.0036274575150882435 | inverse |
40000 | 5761 | 263322 | 0.0031510015304456137 | inverse |
40000 | 7457 | 386655 | 0.0035953788907423932 | inverse |
20000 | 17949 | 104399 | 0.15429582706730907 | inverse |
20000 | 14470 | 399260 | 0.02622112157491359 | inverse |
20000 | 17170 | 155806 | 0.09460768519825938 | inverse |
20000 | 6147 | 182883 | 0.010330541657781205 | inverse |
10000 | 5547 | 46994 | 0.06547476060773716 | inverse |
40000 | 32444 | 114186 | 0.23046020002452142 | inverse |
40000 | 29201 | 420954 | 0.05064083017384322 | inverse |
40000 | 39135 | 322904 | 0.11857612672806779 | inverse |
40000 | 14983 | 353777 | 0.01586382728385395 | inverse |
20000 | 13225 | 335849 | 0.026038580582345042 | inverse |
20000 | 9246 | 240728 | 0.0177562468844505 | inverse |
40000 | 13114 | 78626 | 0.05468197415613155 | inverse |
10000 | 8663 | 38457 | 0.19514670671139195 | inverse |
40000 | 25938 | 134064 | 0.12545870703544576 | inverse |
20000 | 19190 | 211964 | 0.08686760487629976 | inverse |
40000 | 22719 | 358414 | 0.03600256693376933 | inverse |
10000 | 5355 | 259040 | 0.011070114654107474 | inverse |
40000 | 14703 | 146033 | 0.03700845168557792 | inverse |
40000 | 24463 | 302867 | 0.04939778590932654 | inverse |
40000 | 6970 | 141606 | 0.0085767728768555 | inverse |
20000 | 5104 | 275554 | 0.004726989265261981 | inverse |
40000 | 6148 | 290957 | 0.003247722515698196 | inverse |
40000 | 12560 | 342848 | 0.011503173417957813 | inverse |
20000 | 12242 | 36958 | 0.20275253531035228 | saturating |
40000 | 14788 | 188765 | 0.02896259158212592 | inverse |
40000 | 29329 | 151312 | 0.14212194687136515 | inverse |
10000 | 9206 | 356371 | 0.02378151869821057 | inverse |
40000 | 6892 | 183542 | 0.0064698630286256 | inverse |
20000 | 9554 | 34377 | 0.13276160805189516 | saturating |
40000 | 26085 | 396355 | 0.04291778992317493 | inverse |
40000 | 8633 | 200612 | 0.009287665867445616 | inverse |
20000 | 9632 | 323755 | 0.01432802952850149 | inverse |
40000 | 26535 | 303775 | 0.05794636038186158 | inverse |
40000 | 7856 | 29478 | 0.05234135287332926 | inverse |
40000 | 30779 | 154777 | 0.15301802609560852 | inverse |
40000 | 5767 | 397224 | 0.0020931696599399835 | inverse |
10000 | 5699 | 305704 | 0.010624198898280689 | inverse |
20000 | 11548 | 114645 | 0.058160540799860445 | inverse |
40000 | 5894 | 99929 | 0.008690979595512814 | inverse |
