thold | t0 | tdiff | zeta | trend |
10000 | 278860 | 86180 | 90.2331162682757 | saturating |
10000 | 46471 | 361194 | 0.5978930549787648 | inverse |
40000 | 221038 | 585523 | 2.086075074933009 | inverse |
10000 | 129369 | 543372 | 3.0800884405158895 | saturating |
10000 | 102705 | 378452 | 2.787227184689208 | saturating |
10000 | 116408 | 256715 | 5.278547207603763 | saturating |
20000 | 287061 | 78521 | 52.47259823550388 | saturating |
40000 | 293322 | 97165 | 22.13703383008285 | saturating |
20000 | 75458 | 31142 | 9.14184985550061 | saturating |
40000 | 200478 | 566265 | 1.7744089994967018 | inverse |
20000 | 195061 | 291984 | 6.515561421345006 | saturating |
20000 | 167114 | 603675 | 2.3130897416656317 | inverse |
40000 | 139852 | 305572 | 1.6001614925451286 | inverse |
10000 | 168115 | 41057 | 68.83759949582287 | saturating |
10000 | 205041 | 336440 | 12.496080038342647 | saturating |
10000 | 154608 | 463511 | 5.157080126253746 | saturating |
10000 | 71451 | 192265 | 2.6553170889137387 | saturating |
20000 | 82026 | 392875 | 0.8562856730512249 | inverse |
20000 | 60741 | 658078 | 0.2803215637811931 | inverse |
10000 | 64487 | 323894 | 1.2839302886129413 | inverse |
20000 | 85759 | 161704 | 2.2740952855216943 | saturating |
10000 | 236933 | 382970 | 14.658392691072407 | saturating |
20000 | 246257 | 539752 | 5.61762717405401 | saturating |
40000 | 87715 | 666639 | 0.2885340200993341 | inverse |
40000 | 138519 | 150827 | 3.1803843743162696 | saturating |
40000 | 235451 | 124218 | 11.157234338219904 | saturating |
10000 | 130599 | 106422 | 16.026854222811075 | saturating |
10000 | 206467 | 477471 | 8.928002347577129 | saturating |
40000 | 101718 | 574408 | 0.4503136935766911 | inverse |
20000 | 195026 | 195231 | 9.74106076289114 | saturating |
40000 | 97819 | 177594 | 1.346970725503114 | saturating |
20000 | 81187 | 115917 | 2.843124377356212 | saturating |
10000 | 248263 | 70258 | 87.72597735346865 | saturating |
20000 | 262764 | 480105 | 7.19060618989596 | saturating |
10000 | 135568 | 619748 | 2.965508984942267 | saturating |
10000 | 181307 | 367136 | 8.953692432504576 | saturating |
10000 | 13045 | 344467 | 0.049401546447119755 | inverse |
40000 | 281705 | 90563 | 21.906768499552797 | saturating |
40000 | 267291 | 506093 | 3.529216896943842 | saturating |
40000 | 156505 | 687157 | 0.891128774974278 | inverse |
40000 | 222777 | 249516 | 4.972586099588804 | saturating |
10000 | 105208 | 182275 | 6.072540537100534 | saturating |
10000 | 101416 | 193157 | 5.324790225567803 | saturating |
10000 | 149637 | 518493 | 4.318521516973228 | saturating |
20000 | 248994 | 300487 | 10.31625528492081 | saturating |
20000 | 197618 | 196468 | 9.9387365688051 | saturating |
40000 | 292557 | 156289 | 13.69091846659074 | saturating |
10000 | 79605 | 362684 | 1.747238925621202 | inverse |
10000 | 171787 | 537621 | 5.4891407458042 | saturating |
20000 | 166447 | 291326 | 4.754914392982432 | saturating |
20000 | 228484 | 191948 | 13.598718990559943 | saturating |
20000 | 211716 | 575260 | 3.8959483238883292 | saturating |
40000 | 229372 | 577541 | 2.2773930501903763 | inverse |
10000 | 255309 | 605005 | 10.77390855959868 | saturating |
40000 | 201655 | 233335 | 4.356905203355691 | saturating |
20000 | 165842 | 431796 | 3.1847873722776496 | saturating |
10000 | 197625 | 704358 | 5.544856539572206 | saturating |
10000 | 31242 | 411734 | 0.23706144355336212 | inverse |
20000 | 187991 | 363925 | 4.855480673353026 | saturating |
40000 | 108155 | 171940 | 1.7008119147667793 | saturating |
40000 | 240367 | 437876 | 3.298667584487389 | saturating |
10000 | 253278 | 520310 | 12.329139413810998 | saturating |
40000 | 45232 | 292130 | 0.1750876171567453 | inverse |
40000 | 99746 | 210460 | 1.1818474432196142 | inverse |
10000 | 37333 | 429366 | 0.3246071857110251 | inverse |
40000 | 220471 | 360925 | 3.3668672051672783 | saturating |
40000 | 275207 | 688769 | 2.7490672797774 | inverse |
20000 | 36857 | 469927 | 0.1445371780084992 | inverse |
10000 | 204567 | 89576 | 46.71748848910423 | saturating |
10000 | 197839 | 15980 | 244.93285307259075 | saturating |
10000 | 268483 | 97013 | 74.30253810211002 | saturating |
10000 | 203855 | 52286 | 79.47990097731706 | saturating |
10000 | 16657 | 582992 | 0.047591673470647966 | inverse |
20000 | 34721 | 475176 | 0.12685277044716065 | inverse |
10000 | 198583 | 14629 | 269.5687189076492 | saturating |
10000 | 116720 | 447939 | 3.041386974565733 | saturating |
40000 | 236125 | 74589 | 18.687412227339152 | saturating |
40000 | 271552 | 486190 | 3.7917526432053315 | saturating |
40000 | 259852 | 280872 | 6.010127558460794 | saturating |
40000 | 150832 | 385048 | 1.477107543994515 | inverse |
20000 | 256772 | 517318 | 6.372469156688923 | saturating |
10000 | 123228 | 481083 | 3.1564490917367687 | saturating |
20000 | 297162 | 20553 | 214.82327213545466 | saturating |
10000 | 204082 | 510780 | 8.154090356709347 | saturating |
40000 | 285500 | 106346 | 19.161569311492677 | saturating |
20000 | 29845 | 527174 | 0.0844810276113769 | inverse |
20000 | 161339 | 646752 | 2.0123844163605216 | inverse |
10000 | 55533 | 468088 | 0.6588321189605373 | inverse |
20000 | 269263 | 125862 | 28.802403890372 | saturating |
10000 | 201227 | 267668 | 15.127809648146208 | saturating |
10000 | 177564 | 251439 | 12.539412778447257 | saturating |
10000 | 210998 | 53572 | 83.1034047711491 | saturating |
10000 | 270278 | 89069 | 82.01528846624527 | saturating |
40000 | 183324 | 255539 | 3.2879217043191056 | saturating |
10000 | 283851 | 399433 | 20.171440567254084 | saturating |
10000 | 176226 | 625035 | 4.968618249538025 | saturating |
20000 | 69668 | 194597 | 1.2470979059286629 | inverse |
10000 | 218322 | 74286 | 64.16349740731766 | saturating |
40000 | 299744 | 94554 | 23.755331751168644 | saturating |
10000 | 219778 | 153111 | 31.547288753910557 | saturating |
10000 | 122288 | 562964 | 2.6563607875459176 | saturating |
20000 | 200756 | 338100 | 5.960214660751257 | saturating |
40000 | 213205 | 673245 | 1.6879580251245832 | inverse |
40000 | 161744 | 504125 | 1.297352915249194 | inverse |
40000 | 295522 | 702598 | 3.107511424883077 | saturating |
20000 | 238936 | 122975 | 23.21220251921122 | saturating |
20000 | 185822 | 545849 | 3.1629457674191945 | saturating |
10000 | 37299 | 418779 | 0.3322075369108767 | inverse |
40000 | 159585 | 347721 | 1.8310205757633278 | inverse |
10000 | 13890 | 549580 | 0.03510537137450417 | inverse |
40000 | 205528 | 404124 | 2.613168160267641 | saturating |
40000 | 228633 | 648738 | 2.014412932840376 | inverse |
10000 | 96090 | 112474 | 8.20926445222896 | saturating |
40000 | 117096 | 519917 | 0.6593106792045653 | inverse |
40000 | 220694 | 688742 | 1.7679276723359403 | inverse |
10000 | 154926 | 524204 | 4.578764274213855 | saturating |
40000 | 275637 | 530490 | 3.5804518355199915 | saturating |
40000 | 241733 | 429099 | 3.4045082422121706 | saturating |
20000 | 269391 | 329257 | 11.02049628117246 | saturating |
20000 | 95109 | 442578 | 1.0219353290267477 | inverse |
40000 | 176504 | 484592 | 1.6072109122725924 | inverse |
40000 | 261751 | 355352 | 4.820121034987843 | saturating |
40000 | 282630 | 601300 | 3.321125765009147 | saturating |
10000 | 236618 | 528574 | 10.592287536655228 | saturating |
20000 | 235925 | 431462 | 6.45023265374471 | saturating |
10000 | 76609 | 368202 | 1.5939454106713162 | inverse |
40000 | 103621 | 131125 | 2.047151885795996 | saturating |
10000 | 182546 | 302381 | 11.020216917068202 | saturating |
10000 | 157003 | 517836 | 4.760183148525788 | saturating |
10000 | 199848 | 438706 | 9.103869813496965 | saturating |
20000 | 211868 | 394231 | 5.693115130976509 | saturating |
20000 | 169972 | 259504 | 5.566480821875579 | saturating |
20000 | 174243 | 202251 | 7.505679341264072 | saturating |
10000 | 224924 | 651014 | 7.771078006924583 | saturating |
20000 | 228357 | 538618 | 4.840807348529013 | saturating |
10000 | 183114 | 254034 | 13.1993107206122 | saturating |
20000 | 24729 | 556734 | 0.0549206120876397 | inverse |
40000 | 187597 | 294924 | 2.983195196813416 | saturating |
20000 | 219826 | 374679 | 6.448649414031745 | saturating |
40000 | 191038 | 396765 | 2.299567593159679 | saturating |
40000 | 53931 | 79470 | 0.9149845101925254 | saturating |
20000 | 174236 | 511180 | 2.9694220916311282 | saturating |
10000 | 83449 | 690950 | 1.0078494248498446 | inverse |
20000 | 120922 | 30737 | 23.78587709275466 | saturating |
20000 | 221540 | 98018 | 25.036203350405025 | saturating |
10000 | 143600 | 620302 | 3.32434201405122 | saturating |
40000 | 46194 | 694696 | 0.07679206573810701 | inverse |
10000 | 127486 | 427130 | 3.805089831198932 | saturating |
40000 | 197822 | 411565 | 2.3771180544992894 | saturating |
20000 | 192442 | 688399 | 2.689858887360382 | inverse |
20000 | 191418 | 691888 | 2.64788887247647 | inverse |
40000 | 76630 | 409094 | 0.35885132145668236 | inverse |
10000 | 132853 | 410696 | 4.297563065868672 | saturating |
40000 | 204722 | 547605 | 1.9133817844979504 | inverse |
10000 | 103805 | 196767 | 5.476262800672877 | saturating |
20000 | 260454 | 537301 | 6.31268935996769 | saturating |
10000 | 60872 | 299887 | 1.2355988702411242 | inverse |
10000 | 279242 | 118261 | 65.93559547441676 | saturating |
40000 | 244155 | 634536 | 2.348632072293771 | inverse |
40000 | 278670 | 249630 | 7.777207156591756 | saturating |
20000 | 97497 | 346996 | 1.3697081535522024 | inverse |
10000 | 269175 | 330129 | 21.94753584962242 | saturating |
20000 | 263384 | 81276 | 42.676270643240315 | saturating |
10000 | 180587 | 500442 | 6.516572263918697 | saturating |
20000 | 75116 | 276724 | 1.0195020048857344 | inverse |
20000 | 163099 | 525356 | 2.5317388400437033 | inverse |
40000 | 83762 | 285900 | 0.6135075764253236 | inverse |
40000 | 263858 | 205976 | 8.450140327513886 | saturating |
20000 | 161098 | 605740 | 2.1422198966553307 | inverse |
20000 | 64993 | 481609 | 0.43853935962575447 | inverse |
10000 | 64525 | 172934 | 2.4075517972174354 | saturating |
10000 | 154585 | 260314 | 9.179883611715082 | saturating |
20000 | 146583 | 631608 | 1.7009423478644983 | inverse |
10000 | 268284 | 230606 | 31.21180917062002 | saturating |
20000 | 226002 | 364918 | 6.998408410108572 | saturating |
20000 | 206867 | 475903 | 4.496079630618004 | saturating |
40000 | 149291 | 309964 | 1.7976121969809398 | saturating |
20000 | 267683 | 702589 | 5.099296209377033 | saturating |
10000 | 130271 | 149437 | 11.356312988751114 | saturating |
20000 | 192264 | 545861 | 3.3859760722967938 | saturating |
20000 | 159664 | 592156 | 2.1525233972128963 | inverse |
10000 | 206249 | 585121 | 7.2700603808443045 | saturating |
40000 | 141234 | 359257 | 1.3880761374169466 | inverse |
40000 | 155391 | 418398 | 1.4427867055411354 | inverse |
40000 | 95976 | 326995 | 0.7042456747045062 | inverse |
20000 | 88574 | 664145 | 0.5906355898184884 | inverse |
40000 | 124122 | 687359 | 0.5603429533911682 | inverse |
20000 | 30089 | 628080 | 0.07207265961342504 | inverse |
40000 | 246941 | 245881 | 6.200139242255401 | saturating |
40000 | 220624 | 350751 | 3.469337890412287 | saturating |
10000 | 292119 | 101476 | 84.09230769935748 | saturating |
40000 | 92824 | 464516 | 0.46372433759009385 | inverse |
10000 | 299951 | 460250 | 19.548202585768603 | saturating |
20000 | 213692 | 540696 | 4.22273059760013 | saturating |
40000 | 220949 | 420940 | 2.899371680108804 | saturating |
40000 | 254808 | 547803 | 2.963068697323673 | saturating |
40000 | 153278 | 665183 | 0.882995554757112 | inverse |
20000 | 277216 | 106553 | 36.06126090114778 | saturating |
20000 | 96298 | 404414 | 1.1465113477772777 | inverse |
10000 | 207499 | 575608 | 7.480061952057651 | saturating |
20000 | 258800 | 218022 | 15.360248048362092 | saturating |
40000 | 160686 | 130433 | 4.948899165855266 | saturating |
20000 | 85071 | 448155 | 0.8074299116377145 | inverse |
40000 | 127399 | 106327 | 3.8161767944642473 | saturating |
20000 | 63331 | 420008 | 0.4774689483295556 | inverse |
10000 | 137654 | 236095 | 8.0258471022258 | saturating |
20000 | 188843 | 370765 | 4.809202412444541 | saturating |
40000 | 258139 | 92780 | 17.95530915094848 | saturating |
10000 | 218662 | 390263 | 12.25149969225881 | saturating |
20000 | 237102 | 68513 | 41.02678207347511 | saturating |
40000 | 279749 | 278491 | 7.02531706599136 | saturating |
40000 | 42513 | 234996 | 0.1922750992570086 | inverse |
20000 | 113518 | 470250 | 1.3701580355130252 | inverse |
10000 | 90058 | 614235 | 1.3204137445765871 | inverse |
20000 | 120648 | 669776 | 1.0866274623157592 | inverse |
40000 | 141195 | 631474 | 0.7892655922888353 | inverse |
10000 | 246448 | 244368 | 24.854570444575394 | saturating |
20000 | 255913 | 288717 | 11.341809378907374 | saturating |
20000 | 186094 | 39784 | 43.52374929117234 | saturating |
20000 | 178434 | 168942 | 9.422965383386012 | saturating |
10000 | 15133 | 382739 | 0.05983390482809435 | inverse |
40000 | 74166 | 659675 | 0.20845854231250235 | inverse |
20000 | 104693 | 35569 | 15.407551869605555 | saturating |
20000 | 34578 | 415465 | 0.14389155331977424 | inverse |
20000 | 21300 | 492678 | 0.046043257462277595 | inverse |
10000 | 133412 | 534554 | 3.3296470972062693 | saturating |
10000 | 55514 | 285796 | 1.078323068202494 | inverse |
20000 | 149474 | 477799 | 2.338062310302031 | inverse |
10000 | 93845 | 223722 | 3.936530169138484 | saturating |
20000 | 55255 | 605857 | 0.2519666377544536 | inverse |
40000 | 110841 | 401063 | 0.7658227810219342 | inverse |
40000 | 184422 | 198322 | 4.287405593428868 | saturating |
10000 | 247418 | 162093 | 37.76576824662386 | saturating |
10000 | 38051 | 429032 | 0.3374756663838595 | inverse |
40000 | 99511 | 530226 | 0.46689709298487814 | inverse |
20000 | 98962 | 480013 | 1.0201262719968 | inverse |
40000 | 81682 | 593987 | 0.28081208528132773 | inverse |
40000 | 141765 | 695872 | 0.7220191078603536 | inverse |
20000 | 146348 | 576596 | 1.8572568231482702 | inverse |
20000 | 242011 | 207090 | 14.141031464822058 | saturating |
10000 | 246442 | 119885 | 50.65993190474205 | saturating |
20000 | 81863 | 214333 | 1.5633502001558321 | inverse |
10000 | 100459 | 358008 | 2.818934403979799 | saturating |
20000 | 101206 | 21796 | 23.49663799779776 | saturating |
10000 | 234531 | 383789 | 14.332039209305114 | saturating |
40000 | 143566 | 117029 | 4.403010441001803 | saturating |
40000 | 166685 | 66830 | 10.393494398099657 | saturating |
40000 | 274579 | 693071 | 2.719549196294463 | inverse |
10000 | 14729 | 700578 | 0.03096635078463783 | inverse |
40000 | 229890 | 170348 | 7.756095184563365 | saturating |
20000 | 204528 | 646372 | 3.235884504898108 | saturating |
10000 | 110369 | 639921 | 1.9035656215376586 | inverse |
10000 | 13845 | 93614 | 0.2047599985044972 | inverse |
10000 | 88276 | 483523 | 1.61164043406415 | inverse |
10000 | 275074 | 454364 | 16.653103123486897 | saturating |
10000 | 90231 | 113977 | 7.143224826938767 | saturating |
40000 | 147852 | 140375 | 3.893181461086376 | saturating |
40000 | 165791 | 86565 | 7.938155051406458 | saturating |
40000 | 209008 | 240145 | 4.547704934935144 | saturating |
20000 | 53665 | 428210 | 0.3362756854113636 | inverse |
10000 | 118267 | 267554 | 5.227760859116291 | saturating |
10000 | 108398 | 79712 | 14.740724613608991 | saturating |
20000 | 158725 | 172108 | 7.319132644909011 | saturating |
40000 | 130148 | 642062 | 0.6595352903613669 | inverse |
20000 | 292496 | 322396 | 13.26845091378305 | saturating |
40000 | 91360 | 588840 | 0.3543683173697439 | inverse |
40000 | 192342 | 422012 | 2.191610959167038 | saturating |
20000 | 123827 | 229863 | 3.3352749091850367 | saturating |
40000 | 203814 | 575005 | 1.8060776252380415 | inverse |
10000 | 267355 | 657961 | 10.863667607198602 | saturating |
40000 | 186747 | 164895 | 5.287371055671792 | saturating |
20000 | 160738 | 639717 | 2.0193854973371037 | inverse |
40000 | 201863 | 121357 | 8.39437996345493 | saturating |
20000 | 23559 | 254204 | 0.10916950185677646 | inverse |
40000 | 141041 | 403123 | 1.2336534805133919 | inverse |
10000 | 238497 | 624369 | 9.110128627302123 | saturating |
40000 | 186490 | 119907 | 7.25114465794324 | saturating |
10000 | 41791 | 459931 | 0.3797281942291344 | inverse |
20000 | 296414 | 561603 | 7.822363786874358 | saturating |
10000 | 137598 | 606572 | 3.1213457930797994 | saturating |
20000 | 136028 | 554997 | 1.667001513882057 | inverse |
10000 | 168911 | 123302 | 23.139061751634202 | saturating |
20000 | 197893 | 228415 | 8.572475417332488 | saturating |
20000 | 70692 | 617592 | 0.40458416430264643 | inverse |
20000 | 76452 | 396439 | 0.7371762495617233 | inverse |
40000 | 108611 | 580580 | 0.5079553774242999 | inverse |
10000 | 47145 | 187834 | 1.1833060175474088 | inverse |
10000 | 49840 | 643638 | 0.38593519959977507 | inverse |
40000 | 148815 | 381191 | 1.4524152081895954 | inverse |
20000 | 299965 | 285098 | 15.780363458354673 | saturating |
10000 | 76757 | 207819 | 2.834984793979376 | saturating |
40000 | 283224 | 229108 | 8.75305905686401 | saturating |
40000 | 238940 | 42877 | 33.28843179326912 | saturating |
10000 | 223651 | 471667 | 10.604890696402336 | saturating |
40000 | 130936 | 186795 | 2.2945255622473835 | saturating |
20000 | 138422 | 661988 | 1.447205242693221 | inverse |
40000 | 89073 | 286084 | 0.6933277751464605 | inverse |
40000 | 138809 | 258374 | 1.8643457237376828 | saturating |
20000 | 119361 | 470576 | 1.5137882426005578 | inverse |
40000 | 189395 | 210504 | 4.26006940782598 | saturating |
40000 | 195051 | 47587 | 19.987019879904175 | saturating |
40000 | 107179 | 330068 | 0.8700735940018421 | inverse |
10000 | 159366 | 470464 | 5.398398592878521 | saturating |
10000 | 272089 | 215680 | 34.32512236693249 | saturating |
20000 | 31210 | 556863 | 0.08745994077537922 | inverse |
20000 | 284392 | 178501 | 22.65500183864516 | saturating |
10000 | 44022 | 379115 | 0.5111737820977803 | inverse |
10000 | 71132 | 442306 | 1.1439504379321104 | inverse |
10000 | 98138 | 43039 | 22.377534431562072 | saturating |
20000 | 226778 | 160657 | 16.005608620850634 | saturating |
20000 | 39643 | 245579 | 0.319971872391369 | inverse |
20000 | 62809 | 600181 | 0.32864839781665867 | inverse |
20000 | 180742 | 544509 | 2.999736511609542 | saturating |
20000 | 153489 | 610556 | 1.9292966673818617 | inverse |
40000 | 143201 | 409902 | 1.2506968983439946 | inverse |
40000 | 83253 | 119987 | 1.4441276990423964 | saturating |
10000 | 237620 | 45840 | 123.17466055846423 | saturating |
10000 | 262606 | 539755 | 12.776521057887374 | saturating |
20000 | 75474 | 657326 | 0.43329525045411255 | inverse |
20000 | 239787 | 691462 | 4.157698135906239 | saturating |
40000 | 294797 | 353964 | 6.1380021138449115 | saturating |
40000 | 115886 | 50392 | 6.662548120733449 | saturating |
20000 | 263151 | 685962 | 5.047542633629852 | saturating |
20000 | 183374 | 543513 | 3.093396466689849 | saturating |
40000 | 90158 | 693446 | 0.29304606861961857 | inverse |
40000 | 75294 | 95427 | 1.4852155144770347 | saturating |
40000 | 266907 | 182106 | 9.779928537362855 | saturating |
40000 | 112910 | 58788 | 5.421458503436075 | saturating |
40000 | 64330 | 514251 | 0.20118331806841402 | inverse |
10000 | 181092 | 530507 | 6.181692694724104 | saturating |
10000 | 274980 | 252885 | 29.900547837950057 | saturating |
10000 | 163857 | 429273 | 6.25455513134998 | saturating |
20000 | 124932 | 209885 | 3.7182277494818585 | saturating |
10000 | 157467 | 41724 | 59.428281298533214 | saturating |
20000 | 180702 | 276516 | 5.904398444212993 | saturating |
40000 | 121838 | 254576 | 1.4577668597982527 | inverse |
40000 | 40208 | 458213 | 0.0882058815441727 | inverse |
10000 | 131360 | 661096 | 2.6101276667836437 | inverse |
20000 | 223349 | 31615 | 78.89415752174601 | saturating |
20000 | 128686 | 336810 | 2.458372167690983 | saturating |
10000 | 248517 | 581339 | 10.623869943182893 | saturating |
10000 | 35545 | 39947 | 3.1628082834756053 | saturating |
20000 | 30443 | 113247 | 0.40918357616537304 | inverse |
40000 | 108788 | 54040 | 5.475031894892672 | saturating |
10000 | 223875 | 523694 | 9.570477344594362 | saturating |
40000 | 171640 | 663673 | 1.1097441661782235 | inverse |
10000 | 281792 | 175537 | 45.23646368799741 | saturating |
10000 | 181664 | 704300 | 4.685760172653699 | saturating |
10000 | 199337 | 523881 | 7.584783484989913 | saturating |
20000 | 182455 | 354209 | 4.699178595829016 | saturating |
10000 | 298600 | 160333 | 55.61048567668539 | saturating |
40000 | 88518 | 453521 | 0.4319224646708753 | inverse |
40000 | 187483 | 143291 | 6.132603458870411 | saturating |
20000 | 134878 | 642340 | 1.4160783139770214 | inverse |
10000 | 295905 | 406019 | 21.56543635273226 | saturating |
40000 | 222778 | 396409 | 3.1299766960386872 | saturating |
20000 | 185063 | 298919 | 5.72869472482512 | saturating |
10000 | 48825 | 437791 | 0.5445248132099564 | inverse |
40000 | 226313 | 523265 | 2.447018908631382 | saturating |
40000 | 110526 | 207797 | 1.4697032050510834 | saturating |
40000 | 223819 | 468433 | 2.6735384121635324 | saturating |
10000 | 265127 | 197351 | 35.61792244731468 | saturating |
40000 | 84198 | 133225 | 1.330325240007506 | saturating |
20000 | 225055 | 325100 | 7.789872812211627 | saturating |
40000 | 217327 | 175318 | 6.735050726251726 | saturating |
10000 | 120703 | 469625 | 3.1023080562150653 | saturating |
10000 | 93316 | 498351 | 1.747337891566386 | inverse |
10000 | 177864 | 578882 | 5.464948382571923 | saturating |
20000 | 168575 | 615671 | 2.3078503474258167 | inverse |
20000 | 193693 | 148338 | 12.645774598889023 | saturating |
40000 | 61636 | 458577 | 0.20710788460825552 | inverse |
20000 | 206181 | 176354 | 12.052634122560303 | saturating |
10000 | 267567 | 257880 | 27.761788230572357 | saturating |
20000 | 120790 | 559280 | 1.3043756347446718 | inverse |
40000 | 202129 | 530943 | 1.9237532390953456 | inverse |
10000 | 197805 | 166459 | 23.505378516631726 | saturating |
10000 | 144390 | 456918 | 4.5628476225493415 | saturating |
40000 | 189267 | 172449 | 5.193129169928501 | saturating |
20000 | 22503 | 477497 | 0.053024941413244486 | inverse |
20000 | 133394 | 298097 | 2.984592135445845 | saturating |
20000 | 180830 | 241937 | 6.757852023460652 | saturating |
20000 | 41658 | 409361 | 0.21196315281621844 | inverse |
20000 | 152886 | 232987 | 5.016187382987034 | saturating |
40000 | 136683 | 189897 | 2.459523121613296 | saturating |
10000 | 46057 | 275842 | 0.7690080730998179 | inverse |
40000 | 76129 | 151298 | 0.9576505705627304 | inverse |
10000 | 269066 | 629917 | 11.493024058090194 | saturating |
20000 | 107259 | 91922 | 6.257747373316507 | saturating |
40000 | 76413 | 382927 | 0.38120494043251063 | inverse |
10000 | 202454 | 186492 | 21.978220039465498 | saturating |
10000 | 297792 | 295824 | 29.977309232516628 | saturating |
20000 | 74445 | 32102 | 8.631951319232446 | saturating |
40000 | 196337 | 156424 | 6.160854083932133 | saturating |
40000 | 48614 | 85474 | 0.6912397325502492 | saturating |
40000 | 196993 | 169358 | 5.728433562187791 | saturating |
10000 | 192795 | 122547 | 30.33114806972019 | saturating |
10000 | 139572 | 538137 | 3.619959821383774 | saturating |
10000 | 260618 | 546076 | 12.43814815593434 | saturating |
20000 | 90256 | 502446 | 0.8106488593799135 | inverse |
20000 | 29231 | 655832 | 0.06514254877773576 | inverse |
40000 | 251172 | 240127 | 6.568125781773812 | saturating |
40000 | 50007 | 412508 | 0.15155463948577966 | inverse |
40000 | 167471 | 97929 | 7.159915816816264 | saturating |
20000 | 96068 | 707384 | 0.6523373884622778 | inverse |
40000 | 269707 | 657206 | 2.7670877110449386 | saturating |
40000 | 149578 | 98300 | 5.690126674465921 | saturating |
10000 | 41079 | 169050 | 0.9982160550133096 | inverse |
10000 | 90251 | 564292 | 1.443444706109603 | inverse |
40000 | 251661 | 282920 | 5.596392877933691 | saturating |
10000 | 95685 | 681577 | 1.3432993227470997 | inverse |
40000 | 209370 | 441885 | 2.4800455378661868 | saturating |
40000 | 106036 | 400972 | 0.7010235936673883 | inverse |
10000 | 62719 | 184013 | 2.1377147054827645 | saturating |
10000 | 197862 | 167550 | 23.36578397135184 | saturating |
40000 | 81250 | 96705 | 1.7066238819088981 | saturating |
20000 | 114979 | 519488 | 1.2724230820538684 | inverse |
10000 | 78815 | 56773 | 10.941476097792965 | saturating |
20000 | 225225 | 353167 | 7.181630875053445 | saturating |
10000 | 24655 | 300058 | 0.20258384212385605 | inverse |
10000 | 278113 | 332336 | 23.273687102510713 | saturating |
40000 | 75596 | 133831 | 1.0675320396619616 | saturating |
20000 | 87136 | 446376 | 0.8504805921465312 | inverse |
10000 | 282794 | 510932 | 15.65226809751591 | saturating |
20000 | 226370 | 155983 | 16.425949270112767 | saturating |
20000 | 54208 | 368695 | 0.3985011003675124 | inverse |
20000 | 171661 | 542052 | 2.7181431782375123 | inverse |
20000 | 40371 | 692454 | 0.11768418125969378 | inverse |
20000 | 285967 | 616310 | 6.6344149120572435 | saturating |
20000 | 252509 | 570281 | 5.59029628209602 | saturating |
40000 | 263104 | 517722 | 3.342706839577998 | saturating |
40000 | 88085 | 652780 | 0.2971509246989798 | inverse |
40000 | 238303 | 601835 | 2.3589654892536993 | inverse |
20000 | 45223 | 110922 | 0.921872905735562 | inverse |
10000 | 184059 | 264051 | 12.829989464535261 | saturating |
10000 | 167524 | 94898 | 29.57311068304917 | saturating |
20000 | 218522 | 630068 | 3.7894214976796157 | saturating |
10000 | 58533 | 106819 | 3.207399516003707 | saturating |
20000 | 33622 | 241727 | 0.23382553128115605 | inverse |
10000 | 11568 | 138211 | 0.09682197799017445 | inverse |
20000 | 231307 | 39123 | 68.3778445530762 | saturating |
10000 | 280695 | 400378 | 19.678824267317385 | saturating |
20000 | 232733 | 195220 | 13.872720338336235 | saturating |
40000 | 260046 | 678336 | 2.492272344236485 | inverse |
40000 | 143967 | 183820 | 2.8188577261723426 | saturating |
10000 | 191147 | 25049 | 145.86281132580143 | saturating |
10000 | 104080 | 283765 | 3.817470935457156 | saturating |
20000 | 107212 | 248056 | 2.31689879382075 | saturating |
10000 | 46709 | 391847 | 0.5567812643710428 | inverse |
40000 | 128892 | 548058 | 0.7578188651566076 | inverse |
10000 | 10842 | 24225 | 0.48523824148606814 | saturating |
40000 | 90263 | 641147 | 0.3176888127449712 | inverse |
40000 | 217103 | 561895 | 2.0970872053052614 | inverse |
20000 | 34025 | 450585 | 0.12846639646237668 | inverse |
40000 | 261986 | 94031 | 18.24841387308441 | saturating |
10000 | 76144 | 143803 | 4.031841293992476 | saturating |
10000 | 121092 | 136919 | 10.709450451726934 | saturating |
40000 | 65596 | 555820 | 0.19353546184016407 | inverse |
10000 | 243179 | 136854 | 43.211032224852765 | saturating |
10000 | 298432 | 188541 | 47.23728983298062 | saturating |
10000 | 287696 | 273598 | 30.25204439213737 | saturating |
40000 | 299844 | 684538 | 3.283470907970047 | saturating |
10000 | 89362 | 305412 | 2.6146867326758607 | saturating |
40000 | 85672 | 508380 | 0.3609353035131201 | inverse |
40000 | 95186 | 574862 | 0.39402389599590854 | inverse |
10000 | 268779 | 385474 | 18.74112153893648 | saturating |
40000 | 216342 | 65015 | 17.997331755748675 | saturating |
40000 | 269463 | 389460 | 4.660960584463103 | saturating |
40000 | 97560 | 266795 | 0.891878933263367 | inverse |
10000 | 195504 | 359965 | 10.618202885280512 | saturating |
10000 | 259163 | 97801 | 68.6756378452163 | saturating |
40000 | 203913 | 173357 | 5.996370433411976 | saturating |
20000 | 223733 | 263416 | 9.501407524410059 | saturating |
40000 | 155570 | 645432 | 0.9374351170998648 | inverse |
20000 | 173100 | 524034 | 2.858937588019098 | saturating |
10000 | 47633 | 84166 | 2.695747319582729 | saturating |
10000 | 89740 | 61294 | 13.138753548471302 | saturating |
10000 | 215603 | 617134 | 7.532343641575412 | saturating |
10000 | 143505 | 380320 | 5.414830938420278 | saturating |
20000 | 50834 | 401967 | 0.3214313060524869 | inverse |
40000 | 152765 | 596518 | 0.9780570420758468 | inverse |
10000 | 251637 | 321724 | 19.681832803583195 | saturating |
10000 | 184668 | 389698 | 8.750948227601887 | saturating |
40000 | 248638 | 457809 | 3.3759086782916023 | saturating |
20000 | 78172 | 538234 | 0.5676770311797471 | inverse |
10000 | 168820 | 417503 | 6.826344337645478 | saturating |
20000 | 100183 | 156115 | 3.2145000445184637 | saturating |
20000 | 127512 | 138183 | 5.88325269533879 | saturating |
20000 | 137767 | 562015 | 1.688544459578481 | inverse |
20000 | 296677 | 499545 | 8.809741097298541 | saturating |
10000 | 202817 | 315307 | 13.04593158064997 | saturating |
20000 | 236643 | 496666 | 5.63758234396959 | saturating |
10000 | 298295 | 407739 | 21.82276088993204 | saturating |
20000 | 76649 | 659957 | 0.445109999666645 | inverse |
10000 | 252466 | 54602 | 116.73396790593752 | saturating |
40000 | 72644 | 242659 | 0.5436796838361652 | inverse |
40000 | 221394 | 579927 | 2.112994533622335 | inverse |
40000 | 172096 | 77633 | 9.537514077776201 | saturating |
10000 | 68894 | 152584 | 3.1106690321396737 | saturating |
40000 | 243484 | 693766 | 2.1363276038318397 | inverse |
10000 | 258037 | 693321 | 9.60350160589395 | saturating |
10000 | 26422 | 223547 | 0.3122932018770102 | inverse |
20000 | 74016 | 36197 | 7.567434118849628 | saturating |
10000 | 104441 | 109179 | 9.990861320400445 | saturating |
40000 | 210088 | 424141 | 2.6015504127165263 | saturating |
10000 | 77228 | 324281 | 1.8391962476987551 | inverse |
20000 | 171214 | 319480 | 4.587804212470265 | saturating |
20000 | 145201 | 76086 | 13.85493415411508 | saturating |
40000 | 123223 | 226716 | 1.674331292123185 | saturating |
20000 | 233269 | 126779 | 21.46034688749714 | saturating |
20000 | 256014 | 58232 | 56.27762072056601 | saturating |
20000 | 152335 | 102509 | 11.318982833214644 | saturating |
40000 | 181240 | 628574 | 1.3064467190816038 | inverse |
20000 | 144841 | 75867 | 13.826113646908404 | saturating |
40000 | 53032 | 348487 | 0.20175738435006185 | inverse |
40000 | 269198 | 432837 | 4.185615093210608 | saturating |
20000 | 244278 | 241411 | 12.358952426360027 | saturating |
20000 | 289408 | 206138 | 20.315757032667435 | saturating |
10000 | 124672 | 531879 | 2.922301422692003 | saturating |
40000 | 161564 | 637993 | 1.0228531541882122 | inverse |
10000 | 18402 | 357112 | 0.0948256020520173 | inverse |
20000 | 187195 | 112025 | 15.640244599419773 | saturating |
40000 | 267019 | 409506 | 4.352753461548793 | saturating |
10000 | 208537 | 645507 | 6.736980446222891 | saturating |
20000 | 158048 | 48424 | 25.792138509829837 | saturating |
10000 | 285601 | 194654 | 41.90406115517791 | saturating |
10000 | 55250 | 622378 | 0.4904676097162817 | inverse |
10000 | 134014 | 405034 | 4.4341344667361255 | saturating |
10000 | 257164 | 545660 | 12.119877377121284 | saturating |
10000 | 100333 | 511501 | 1.9680725724876396 | inverse |
40000 | 275076 | 547312 | 3.456292104686175 | saturating |
10000 | 278461 | 233977 | 33.14023537398975 | saturating |
40000 | 196915 | 406246 | 2.386209170367216 | saturating |
40000 | 251887 | 452157 | 3.5080215925552407 | saturating |
10000 | 133090 | 588471 | 3.0099950719746595 | saturating |
40000 | 48995 | 77473 | 0.7746279429607733 | saturating |
40000 | 70398 | 162296 | 0.7634011934982994 | inverse |
40000 | 241705 | 596782 | 2.447347064128945 | inverse |
10000 | 18640 | 362056 | 0.09596570696245886 | inverse |
40000 | 135561 | 195556 | 2.349299525583465 | saturating |
10000 | 205543 | 140494 | 30.070981571455015 | saturating |
20000 | 229903 | 190094 | 13.902434955600913 | saturating |
10000 | 233462 | 494960 | 11.011901051398093 | saturating |
10000 | 112032 | 684257 | 1.8342770368443437 | inverse |
10000 | 153611 | 671450 | 3.5142362530344777 | saturating |
10000 | 284425 | 538734 | 15.01623818526397 | saturating |
40000 | 82350 | 472609 | 0.3587279601107892 | inverse |
10000 | 227735 | 159280 | 32.56104358676544 | saturating |
10000 | 112672 | 203157 | 6.248851668414084 | saturating |
20000 | 211145 | 286704 | 7.774954487031922 | saturating |
40000 | 60145 | 654344 | 0.1382079236991552 | inverse |
10000 | 12993 | 648838 | 0.02601852064768093 | inverse |
10000 | 281454 | 412029 | 19.225917135929752 | saturating |
20000 | 81063 | 170563 | 1.926329265139567 | saturating |
10000 | 19362 | 585089 | 0.06407350744929403 | inverse |
20000 | 179043 | 372512 | 4.302733314497251 | saturating |
40000 | 74031 | 361879 | 0.3786202681697473 | inverse |
10000 | 278301 | 46200 | 167.64382381168832 | saturating |
40000 | 96258 | 119323 | 1.9412859557671196 | saturating |
40000 | 161178 | 352981 | 1.8399253560389934 | inverse |
40000 | 59606 | 361386 | 0.24578118936538773 | inverse |
10000 | 77012 | 489591 | 1.2113883106511352 | inverse |
10000 | 228338 | 539956 | 9.656016831741844 | saturating |
20000 | 242516 | 76733 | 38.323804788031225 | saturating |
10000 | 121108 | 73909 | 19.84487364732306 | saturating |
40000 | 70948 | 74838 | 1.6815049520297176 | saturating |
20000 | 134430 | 612073 | 1.4762475145938474 | inverse |
20000 | 113936 | 691821 | 0.938205987965095 | inverse |
10000 | 71472 | 77364 | 6.602873150302466 | saturating |
40000 | 210259 | 216751 | 5.099036115288972 | saturating |
40000 | 67998 | 104540 | 1.1057317782666922 | saturating |
40000 | 190105 | 252926 | 3.5721822810822137 | saturating |
40000 | 175076 | 620946 | 1.2340688955239265 | inverse |
40000 | 173430 | 244017 | 3.081544001032715 | saturating |
10000 | 160614 | 128809 | 20.027216262838778 | saturating |
40000 | 176176 | 626633 | 1.2382839307856432 | inverse |
10000 | 169992 | 44889 | 64.3749695114616 | saturating |
40000 | 94969 | 610477 | 0.36934687797410876 | inverse |
10000 | 113527 | 513269 | 2.51103801885561 | inverse |
20000 | 150425 | 321815 | 3.5156348562062054 | saturating |
40000 | 280807 | 188060 | 10.48236882497607 | saturating |
10000 | 179948 | 219357 | 14.761909902123024 | saturating |
10000 | 67098 | 289226 | 1.5566171796449835 | inverse |
20000 | 289131 | 202031 | 20.689086120694352 | saturating |
10000 | 273569 | 302171 | 24.767432268814677 | saturating |
10000 | 279787 | 110077 | 71.11455196725927 | saturating |
40000 | 62718 | 191800 | 0.5127147450469238 | inverse |
10000 | 144472 | 450023 | 4.638020453176837 | saturating |
10000 | 59485 | 99972 | 3.539456272756372 | saturating |
20000 | 280776 | 422750 | 9.324087779538734 | saturating |
10000 | 220071 | 62799 | 77.12104498638514 | saturating |
10000 | 210625 | 638970 | 6.942875350172935 | saturating |
10000 | 22907 | 552569 | 0.09496201361277957 | inverse |
20000 | 190830 | 81325 | 22.389233876421763 | saturating |
10000 | 103003 | 289170 | 3.668989870664315 | saturating |
20000 | 226954 | 130218 | 19.777649063877497 | saturating |
40000 | 89409 | 524999 | 0.3806659289351027 | inverse |
10000 | 272726 | 703102 | 10.578759707126421 | saturating |
40000 | 277242 | 236967 | 8.109053851802148 | saturating |
10000 | 160269 | 380518 | 6.750312038063903 | saturating |
10000 | 22001 | 504666 | 0.09591373324139134 | inverse |
10000 | 34552 | 109574 | 1.0895291802799936 | inverse |
20000 | 141899 | 463139 | 2.1737886683047636 | inverse |
40000 | 64038 | 603305 | 0.16993334399681753 | inverse |
20000 | 81809 | 272050 | 1.2300519171108253 | inverse |
40000 | 293619 | 79634 | 27.065109488723408 | saturating |
10000 | 49927 | 275854 | 0.9036321130018053 | inverse |
20000 | 77931 | 681014 | 0.4458969096817393 | inverse |
40000 | 256608 | 166963 | 9.859619446224611 | saturating |
20000 | 174877 | 532681 | 2.8705702971384373 | saturating |
40000 | 124445 | 276245 | 1.401523830748068 | inverse |
10000 | 114396 | 434757 | 3.010059600190451 | saturating |
10000 | 34845 | 34171 | 3.5532294196833574 | saturating |
10000 | 96763 | 663674 | 1.410794783131477 | inverse |
10000 | 133654 | 126532 | 14.117687000916764 | saturating |
10000 | 296931 | 42069 | 209.57954494045498 | saturating |
20000 | 168495 | 47605 | 29.818889848755383 | saturating |
20000 | 148443 | 56728 | 19.42191179752503 | saturating |
10000 | 220705 | 502563 | 9.692455876178707 | saturating |
10000 | 94922 | 84580 | 10.6528565665642 | saturating |
20000 | 261860 | 397930 | 8.615919835146885 | saturating |
10000 | 249500 | 98459 | 63.2245401639261 | saturating |
10000 | 17132 | 522354 | 0.056188987544845075 | inverse |
20000 | 200738 | 194376 | 10.36541153331687 | saturating |
10000 | 164235 | 503573 | 5.356350563870581 | saturating |
10000 | 101417 | 25587 | 40.197787505373825 | saturating |
20000 | 224591 | 427912 | 5.893865710823721 | saturating |
20000 | 63769 | 139791 | 1.4544875424741222 | saturating |
10000 | 100796 | 133382 | 7.617094972335097 | saturating |
10000 | 40796 | 161225 | 1.0322925203907583 | inverse |
10000 | 53565 | 476913 | 0.6016210975586741 | inverse |
20000 | 159806 | 424208 | 3.010074967468789 | saturating |
40000 | 126372 | 133342 | 2.994158326708764 | saturating |
40000 | 236804 | 604461 | 2.3192618885254794 | inverse |
10000 | 239781 | 28526 | 201.55271668302603 | saturating |
20000 | 50433 | 212545 | 0.5983409369780517 | inverse |
10000 | 194473 | 214241 | 17.652899178495247 | saturating |
40000 | 115069 | 588082 | 0.562883864877687 | inverse |
20000 | 68180 | 618188 | 0.3759788607996273 | inverse |
10000 | 275101 | 166968 | 45.326386014685454 | saturating |
10000 | 203326 | 204614 | 20.20461076759166 | saturating |
40000 | 242996 | 97688 | 15.111133408402262 | saturating |
40000 | 91449 | 82887 | 2.5223857785298054 | saturating |
40000 | 242590 | 103944 | 14.154234034672514 | saturating |
40000 | 204296 | 283909 | 3.6751965960924102 | saturating |
20000 | 101632 | 609075 | 0.8479303389566145 | inverse |
40000 | 191722 | 226279 | 4.06106237034811 | saturating |
10000 | 35633 | 586799 | 0.2163791501008011 | inverse |
10000 | 75258 | 245357 | 2.3083778184441446 | saturating |
20000 | 180252 | 682752 | 2.379398632592801 | inverse |
10000 | 232087 | 665386 | 8.095207228435825 | saturating |
10000 | 86829 | 473977 | 1.5906415798656899 | inverse |
10000 | 190419 | 385272 | 9.411375745187815 | saturating |
10000 | 278223 | 627656 | 12.332876245746077 | saturating |
20000 | 246014 | 658855 | 4.593035508268132 | saturating |
20000 | 55404 | 450661 | 0.34056676925671403 | inverse |
10000 | 97235 | 186105 | 5.080274697079605 | saturating |
10000 | 105439 | 155688 | 7.1408090032629365 | saturating |
10000 | 276089 | 693787 | 10.986821015816092 | saturating |
40000 | 146224 | 150438 | 3.5532010157008203 | saturating |
40000 | 221646 | 97394 | 12.6103633991827 | saturating |
20000 | 291455 | 156363 | 27.16308110774288 | saturating |
40000 | 273266 | 98172 | 19.016192691398768 | saturating |
40000 | 216258 | 228092 | 5.125949459428652 | saturating |
40000 | 228453 | 430340 | 3.03194992383929 | saturating |
10000 | 124768 | 144184 | 10.796658314376076 | saturating |
10000 | 196688 | 348073 | 11.114383863155144 | saturating |
20000 | 197083 | 192894 | 10.068148539871641 | saturating |
20000 | 48357 | 419034 | 0.279022638855081 | inverse |
20000 | 189885 | 698964 | 2.579268261670129 | inverse |
40000 | 121942 | 376103 | 0.9884161628596423 | inverse |
10000 | 143659 | 94545 | 21.82866178116241 | saturating |
10000 | 185335 | 488285 | 7.0346339176915125 | saturating |
40000 | 297326 | 227645 | 9.708400170880099 | saturating |
20000 | 154241 | 248816 | 4.780698604792296 | saturating |
40000 | 189937 | 659043 | 1.3685019023417289 | inverse |
10000 | 275874 | 628411 | 12.110937567292744 | saturating |
10000 | 298807 | 88416 | 100.98355868734167 | saturating |
20000 | 156045 | 166761 | 7.300880309244967 | saturating |
40000 | 74135 | 651859 | 0.21078171142072136 | inverse |
20000 | 200258 | 665459 | 3.0132034102777183 | saturating |
20000 | 188067 | 92848 | 19.046827335537653 | saturating |
20000 | 253689 | 527723 | 6.097716862918615 | saturating |
20000 | 66579 | 368943 | 0.6007382225709662 | inverse |
10000 | 272029 | 627608 | 11.790763795394577 | saturating |
40000 | 206454 | 613675 | 1.7363936169796714 | inverse |
20000 | 269181 | 454764 | 7.966594844908568 | saturating |
40000 | 257061 | 231294 | 7.142463457871799 | saturating |
10000 | 24679 | 410344 | 0.14842499000838322 | inverse |
20000 | 228081 | 447906 | 5.807127227699562 | saturating |
20000 | 246148 | 664510 | 4.558910919624987 | saturating |
10000 | 45476 | 558443 | 0.37032724485757723 | inverse |
40000 | 74323 | 467259 | 0.295548524961531 | inverse |
10000 | 38348 | 625349 | 0.23515974343926352 | inverse |
10000 | 105904 | 581419 | 1.9290145688393399 | inverse |
20000 | 295869 | 641181 | 6.826345849377945 | saturating |
10000 | 46823 | 481047 | 0.4557544957145559 | inverse |
40000 | 127868 | 281225 | 1.453482569472842 | inverse |
10000 | 69654 | 660565 | 0.734474232815847 | inverse |
10000 | 148293 | 499989 | 4.3982595315096935 | saturating |
10000 | 136894 | 137879 | 13.591603678587747 | saturating |
40000 | 56644 | 451552 | 0.17763971458436678 | inverse |
20000 | 32260 | 504567 | 0.10312878170788022 | inverse |
40000 | 278706 | 397359 | 4.887081608570588 | saturating |
40000 | 120836 | 451489 | 0.808510223726381 | inverse |
10000 | 41367 | 499237 | 0.3427688029933679 | inverse |
10000 | 93141 | 633523 | 1.369365576466837 | inverse |
40000 | 272492 | 335135 | 5.538953709997463 | saturating |
10000 | 55588 | 314701 | 0.9818925723146733 | inverse |
20000 | 244992 | 186464 | 16.094549099021794 | saturating |
20000 | 282770 | 495914 | 8.061768058574673 | saturating |
10000 | 158715 | 468769 | 5.373745112198119 | saturating |
20000 | 283709 | 533371 | 7.545479289368937 | saturating |
20000 | 198234 | 233816 | 8.403342533445102 | saturating |
40000 | 74227 | 547227 | 0.25170758793882614 | inverse |
20000 | 293354 | 258387 | 16.652650736298654 | saturating |
40000 | 289215 | 602192 | 3.472535180847637 | saturating |
40000 | 228560 | 514946 | 2.5361724141948865 | saturating |
40000 | 228773 | 301517 | 4.339480487750277 | saturating |
10000 | 198636 | 480918 | 8.204363424949785 | saturating |
20000 | 255413 | 423664 | 7.699002106504211 | saturating |
10000 | 123325 | 299961 | 5.0703443530992365 | saturating |
10000 | 208345 | 474142 | 9.154987118837816 | saturating |
40000 | 191447 | 277734 | 3.29919579606746 | saturating |
40000 | 233782 | 388757 | 3.5146649143295168 | saturating |
20000 | 177700 | 547590 | 2.88329680965686 | saturating |
10000 | 62288 | 595496 | 0.6515232585945162 | inverse |
10000 | 103719 | 197368 | 5.450544648068583 | saturating |
10000 | 168978 | 200256 | 14.258531321907958 | saturating |
40000 | 128008 | 485780 | 0.843285441146198 | inverse |
10000 | 156244 | 453650 | 5.381282384216907 | saturating |
10000 | 97558 | 10579 | 89.9665692787598 | saturating |
20000 | 21651 | 410634 | 0.05707829855783982 | inverse |
10000 | 10940 | 373302 | 0.032060797959828774 | inverse |
20000 | 235618 | 582665 | 4.763958872079154 | saturating |
20000 | 187892 | 550767 | 3.2049309112564845 | saturating |
10000 | 285171 | 215318 | 37.768555922403145 | saturating |
40000 | 135371 | 364849 | 1.255677529676661 | inverse |
20000 | 224052 | 670536 | 3.743221743798991 | saturating |
40000 | 96823 | 332386 | 0.705105910673133 | inverse |
40000 | 246347 | 143837 | 10.54785006795887 | saturating |
20000 | 36262 | 652826 | 0.1007108053294446 | inverse |
10000 | 62863 | 347668 | 1.1366466770021975 | inverse |
20000 | 146855 | 174769 | 6.169970368028655 | saturating |
10000 | 15191 | 396151 | 0.05825215157856473 | inverse |
40000 | 74263 | 116893 | 1.1794960282052818 | saturating |
40000 | 122556 | 385168 | 0.9748975210817097 | inverse |
20000 | 139171 | 168664 | 5.741760909559835 | saturating |
40000 | 90875 | 707633 | 0.2917566600554242 | inverse |
20000 | 295047 | 213307 | 20.40550291575054 | saturating |
20000 | 103561 | 516307 | 1.038614692518211 | inverse |
10000 | 92008 | 493912 | 1.7139636340076774 | inverse |
10000 | 184893 | 411772 | 8.302026715998174 | saturating |
10000 | 224912 | 405474 | 12.475623034769184 | saturating |
40000 | 123548 | 675162 | 0.565201696185508 | inverse |
10000 | 145227 | 610544 | 3.4544408804279465 | saturating |
10000 | 79264 | 224409 | 2.7997013025324295 | saturating |
40000 | 201371 | 694522 | 1.4596470536930435 | inverse |
10000 | 267723 | 634715 | 11.29256512434715 | saturating |
10000 | 231037 | 410050 | 13.017460155834653 | saturating |
10000 | 71089 | 690259 | 0.732137635438292 | inverse |
20000 | 25314 | 114258 | 0.28041738696633933 | inverse |
10000 | 212687 | 546511 | 8.277191121313203 | saturating |
20000 | 201140 | 84560 | 23.922244323557237 | saturating |
20000 | 123138 | 688807 | 1.1006687681745395 | inverse |
40000 | 151264 | 699017 | 0.8183205020764874 | inverse |
10000 | 199379 | 63562 | 62.540489035901956 | saturating |
10000 | 112856 | 130165 | 9.784870538163101 | saturating |
20000 | 111046 | 336971 | 1.829714443676162 | inverse |
20000 | 139220 | 173362 | 5.5900971377810595 | saturating |
20000 | 160499 | 439653 | 2.9295750286021023 | saturating |
20000 | 98683 | 548583 | 0.8875898896794104 | inverse |
10000 | 119632 | 350082 | 4.088132330139796 | saturating |
40000 | 277118 | 500514 | 3.8357761183503363 | saturating |
20000 | 26355 | 554894 | 0.06258727117251223 | inverse |
20000 | 21376 | 415777 | 0.05494933293568428 | inverse |
40000 | 120161 | 335625 | 1.07550584141527 | inverse |
20000 | 76182 | 186381 | 1.5569444106427157 | inverse |
10000 | 232671 | 600665 | 9.012643360442176 | saturating |
40000 | 170815 | 111800 | 6.524544773032201 | saturating |
20000 | 50388 | 75840 | 1.673886170886076 | saturating |
40000 | 221689 | 603709 | 2.0351697887972517 | inverse |
40000 | 292055 | 271911 | 7.842283231002056 | saturating |
40000 | 274710 | 603856 | 3.1243203719098593 | saturating |
20000 | 185675 | 358343 | 4.8103640401793815 | saturating |
20000 | 277304 | 517896 | 7.4240299612277365 | saturating |
40000 | 175039 | 85048 | 9.006282193878752 | saturating |
40000 | 48692 | 564461 | 0.1050077358754635 | inverse |
10000 | 71881 | 103329 | 5.000414366731508 | saturating |
10000 | 72932 | 168330 | 3.1599100718826114 | saturating |
20000 | 153641 | 358404 | 3.2931491949029588 | saturating |
20000 | 99552 | 332912 | 1.4884715336184937 | inverse |
40000 | 190773 | 380990 | 2.3881425712617133 | saturating |
40000 | 223217 | 252820 | 4.927006278083221 | saturating |
40000 | 151836 | 531059 | 1.085292354333511 | inverse |
20000 | 170827 | 489087 | 2.9832998964396924 | saturating |
40000 | 237555 | 638376 | 2.2099976356019027 | inverse |
10000 | 11044 | 442646 | 0.02755473583857078 | inverse |
20000 | 189992 | 630638 | 2.861939818406122 | inverse |
20000 | 157895 | 194169 | 6.419879338359883 | saturating |
20000 | 182368 | 290057 | 5.73302616796009 | saturating |
10000 | 117554 | 658040 | 2.100015639778737 | inverse |
10000 | 52476 | 511223 | 0.5386554548602078 | inverse |
10000 | 223847 | 279235 | 17.944555449352695 | saturating |
10000 | 282911 | 684786 | 11.688123577438791 | saturating |
10000 | 69314 | 473665 | 1.0143098172759228 | inverse |
20000 | 295438 | 129384 | 33.730450381809185 | saturating |
20000 | 206424 | 356157 | 5.982034296110985 | saturating |
40000 | 206065 | 404973 | 2.6213342756801072 | saturating |
20000 | 73309 | 342919 | 0.7835975085953242 | inverse |
40000 | 81186 | 646686 | 0.2548055237008378 | inverse |
10000 | 174102 | 24427 | 124.09017236664346 | saturating |
10000 | 125309 | 325803 | 4.819582840243951 | saturating |
10000 | 136785 | 277988 | 6.730555356706045 | saturating |
20000 | 171811 | 422066 | 3.4969672659015414 | saturating |
10000 | 131727 | 212998 | 8.146556554052152 | saturating |
40000 | 74337 | 373013 | 0.37036172794245775 | inverse |
10000 | 233922 | 471511 | 11.605137967937122 | saturating |
20000 | 244212 | 582706 | 5.117460687207614 | saturating |
20000 | 191144 | 483521 | 3.778122225921935 | saturating |
10000 | 198295 | 421843 | 9.321218326486393 | saturating |
10000 | 167981 | 92384 | 30.543834820964673 | saturating |
10000 | 139825 | 114635 | 17.055027369477035 | saturating |
20000 | 244318 | 141244 | 21.130556032114637 | saturating |
20000 | 256775 | 378994 | 8.698475520061002 | saturating |
20000 | 90307 | 649260 | 0.6280499529464313 | inverse |
40000 | 171643 | 275033 | 2.6779804104416565 | saturating |
10000 | 48565 | 614318 | 0.3839313230281385 | inverse |
20000 | 185430 | 597582 | 2.8769511882888037 | saturating |
40000 | 175517 | 324572 | 2.3728338619012117 | saturating |
40000 | 42009 | 548615 | 0.08041869439406506 | inverse |
20000 | 274200 | 111166 | 33.81683248475254 | saturating |
20000 | 145344 | 476344 | 2.217397336378751 | inverse |
40000 | 110359 | 287814 | 1.057897538080149 | inverse |
10000 | 78672 | 674957 | 0.9169893169490798 | inverse |
40000 | 239217 | 148148 | 9.656690115458867 | saturating |
40000 | 182471 | 603965 | 1.378211727542159 | inverse |
20000 | 76277 | 39414 | 7.380855443497234 | saturating |
40000 | 293016 | 80028 | 26.821355105713 | saturating |
10000 | 222159 | 407198 | 12.12054609330105 | saturating |
10000 | 102956 | 617255 | 1.7172704856177756 | inverse |
20000 | 90538 | 150519 | 2.7229550568366783 | saturating |
10000 | 204634 | 520688 | 8.042258311311189 | saturating |
10000 | 202472 | 28257 | 145.07877971476094 | saturating |
40000 | 194474 | 44700 | 21.15220172035794 | saturating |
40000 | 111546 | 481147 | 0.646502530203867 | inverse |
40000 | 136237 | 372923 | 1.2442595501618297 | inverse |
10000 | 34064 | 541201 | 0.21440390834458914 | inverse |
10000 | 195242 | 672104 | 5.671657744039614 | saturating |
10000 | 298040 | 233256 | 38.08169633364201 | saturating |
10000 | 254461 | 287175 | 22.547366769739707 | saturating |
20000 | 73114 | 157114 | 1.701203265145054 | saturating |
10000 | 198274 | 160352 | 24.516425785771304 | saturating |
10000 | 79929 | 388641 | 1.6438422711448355 | inverse |
10000 | 35652 | 671446 | 0.18930265486725664 | inverse |
10000 | 298385 | 118569 | 75.090123240476 | saturating |
10000 | 40194 | 628202 | 0.25717167980999744 | inverse |
40000 | 43755 | 354537 | 0.13500001586576293 | inverse |
40000 | 87367 | 106796 | 1.7868161469062511 | saturating |
40000 | 259954 | 614304 | 2.7501075247760065 | saturating |
10000 | 143608 | 443761 | 4.64737948219875 | saturating |
40000 | 106806 | 695379 | 0.4101188573425427 | inverse |
20000 | 117321 | 680919 | 1.0107088391570804 | inverse |
20000 | 217490 | 57613 | 41.051412094492555 | saturating |
20000 | 169412 | 276692 | 5.186349035028118 | saturating |
40000 | 201701 | 208742 | 4.872437434847803 | saturating |
20000 | 78614 | 650402 | 0.4751031666569291 | inverse |
10000 | 213076 | 287492 | 15.792224401374646 | saturating |
10000 | 65041 | 587996 | 0.7194490576466507 | inverse |
10000 | 198143 | 260268 | 15.084700558270706 | saturating |
40000 | 295702 | 464745 | 4.7036370915233086 | saturating |
40000 | 89464 | 77325 | 2.5877165522146788 | saturating |
10000 | 161735 | 288591 | 9.064111571393425 | saturating |
10000 | 37911 | 554316 | 0.25928241670815927 | inverse |
10000 | 133196 | 667073 | 2.6595551635278296 | inverse |
40000 | 103246 | 370890 | 0.7185241254819488 | inverse |
20000 | 172370 | 136283 | 10.900632103784037 | saturating |
40000 | 223527 | 368063 | 3.3937342064402016 | saturating |
10000 | 136214 | 10272 | 180.62941779595013 | saturating |
40000 | 280967 | 609432 | 3.2383619127728767 | saturating |
20000 | 293076 | 559685 | 7.67338250766056 | saturating |
20000 | 169984 | 222532 | 6.492225894702784 | saturating |
10000 | 195862 | 229035 | 16.749371512650907 | saturating |
40000 | 58225 | 68558 | 1.2362345112897108 | saturating |
40000 | 246561 | 387741 | 3.919647826835439 | saturating |
10000 | 54950 | 634136 | 0.476160082379805 | inverse |
10000 | 247138 | 586191 | 10.41933278470669 | saturating |
20000 | 157150 | 340722 | 3.6240868655384744 | saturating |
10000 | 33189 | 17062 | 6.455923813152034 | saturating |
10000 | 143642 | 129553 | 15.926319084853304 | saturating |
10000 | 254774 | 614743 | 10.558849970800805 | saturating |
40000 | 218209 | 701755 | 1.6962888643828689 | inverse |
20000 | 173959 | 129559 | 11.678746239551094 | saturating |
10000 | 113207 | 193761 | 6.614243758547902 | saturating |
20000 | 265509 | 631139 | 5.584746710391847 | saturating |
40000 | 230746 | 107180 | 12.419228521179326 | saturating |
10000 | 156649 | 262016 | 9.365423943957621 | saturating |
20000 | 117311 | 681706 | 1.0093699278721324 | inverse |
40000 | 289262 | 325586 | 6.424762170670729 | saturating |
10000 | 292910 | 334189 | 25.67297789574163 | saturating |
10000 | 126398 | 408824 | 3.9079052120227775 | saturating |
20000 | 125764 | 29260 | 27.027654982911823 | saturating |
20000 | 196653 | 670749 | 2.8827774926984606 | inverse |
20000 | 177533 | 145822 | 10.806999660202164 | saturating |
40000 | 153733 | 618996 | 0.9545229407379047 | inverse |
20000 | 285345 | 388389 | 10.48198700593992 | saturating |
10000 | 230783 | 94959 | 56.08819921123853 | saturating |
10000 | 162582 | 39732 | 66.52800443974628 | saturating |
20000 | 34095 | 515016 | 0.11285756413392982 | inverse |
10000 | 100956 | 227333 | 4.483341149767082 | saturating |
40000 | 45577 | 279530 | 0.18578175231638822 | inverse |
10000 | 285969 | 234792 | 34.83009172416437 | saturating |
40000 | 238258 | 603914 | 2.349956888066844 | inverse |
10000 | 254337 | 670292 | 9.650616383456763 | saturating |
20000 | 203589 | 157866 | 13.12774154061039 | saturating |
20000 | 87360 | 652490 | 0.5848188937761499 | inverse |
10000 | 158070 | 686002 | 3.6422816405783074 | saturating |
10000 | 89658 | 454838 | 1.7673450687937244 | inverse |
20000 | 282777 | 50023 | 79.92606573876017 | saturating |
10000 | 161305 | 387998 | 6.706040501497431 | saturating |
10000 | 205965 | 652098 | 6.505399683023104 | saturating |
20000 | 182871 | 601605 | 2.7793820397935525 | inverse |
40000 | 139007 | 654050 | 0.7385882596514028 | inverse |
40000 | 273994 | 115549 | 16.242613963772943 | saturating |
40000 | 176747 | 337927 | 2.311113199670343 | saturating |
40000 | 149028 | 692271 | 0.8020466256711606 | inverse |
10000 | 151786 | 49669 | 46.385048613823514 | saturating |
20000 | 56324 | 477965 | 0.331864569163014 | inverse |
40000 | 85302 | 665798 | 0.27322217864877935 | inverse |
20000 | 230205 | 384756 | 6.886746668667934 | saturating |
10000 | 80771 | 374602 | 1.7415695701037366 | inverse |
20000 | 295668 | 119923 | 36.44820685940145 | saturating |
20000 | 102597 | 167084 | 3.149955833293433 | saturating |
40000 | 274987 | 366919 | 5.152216849563527 | saturating |
20000 | 209197 | 215950 | 10.132758696225977 | saturating |
40000 | 120280 | 116151 | 3.113894499401641 | saturating |
10000 | 102801 | 295456 | 3.576859363492364 | saturating |
40000 | 112646 | 498353 | 0.6365528709569321 | inverse |
20000 | 199008 | 354224 | 5.590273959980126 | saturating |
40000 | 123397 | 343842 | 1.1071087599100748 | inverse |
20000 | 134971 | 605247 | 1.50493689691977 | inverse |
10000 | 61093 | 372252 | 1.0026419331528105 | inverse |
20000 | 267401 | 325784 | 10.974034145476757 | saturating |
40000 | 146895 | 621267 | 0.8683118942821686 | inverse |
20000 | 43021 | 493083 | 0.18767696726514604 | inverse |
20000 | 223336 | 168993 | 14.757702655139564 | saturating |
40000 | 225831 | 489395 | 2.6052391504306343 | saturating |
10000 | 18056 | 689561 | 0.04727923069895195 | inverse |
10000 | 132764 | 319126 | 5.523297912423306 | saturating |
20000 | 63140 | 274855 | 0.7252295937858143 | inverse |
10000 | 17204 | 21777 | 1.3591294301327088 | saturating |
10000 | 124326 | 120426 | 12.83523016292163 | saturating |
20000 | 243998 | 121135 | 24.573832502579766 | saturating |
20000 | 21267 | 583413 | 0.03876201670171902 | inverse |
40000 | 232546 | 463244 | 2.9184210759340647 | saturating |
40000 | 98113 | 244894 | 0.9826864652666051 | inverse |
40000 | 92730 | 241901 | 0.8886747987813196 | inverse |
10000 | 104810 | 128395 | 8.555735114295727 | saturating |
20000 | 21919 | 386376 | 0.062172930125059526 | inverse |
20000 | 202508 | 642660 | 3.1906054573180223 | saturating |
40000 | 263492 | 134764 | 12.879558721913865 | saturating |
40000 | 156721 | 283688 | 2.1644792730922706 | saturating |
10000 | 249943 | 298379 | 20.93696381079097 | saturating |
10000 | 88334 | 172267 | 4.529535869319138 | saturating |
20000 | 95245 | 66837 | 6.786368347621826 | saturating |
10000 | 51307 | 52789 | 4.986660571331149 | saturating |
20000 | 222487 | 213655 | 11.584204715312069 | saturating |
20000 | 183527 | 527131 | 3.1948566607731284 | saturating |
20000 | 100179 | 426421 | 1.1767516188227127 | inverse |
40000 | 72353 | 536372 | 0.24399841010530005 | inverse |
20000 | 251168 | 39528 | 79.79832552114956 | saturating |
20000 | 40390 | 70467 | 1.1575291271091432 | saturating |
20000 | 101066 | 445315 | 1.1468664154587203 | inverse |
10000 | 249441 | 610834 | 10.186206478519532 | saturating |
20000 | 47319 | 504481 | 0.22191992969011717 | inverse |
10000 | 195394 | 61862 | 61.71610235039281 | saturating |
20000 | 253235 | 278295 | 11.521580557501931 | saturating |
40000 | 279362 | 600242 | 3.2504859308412275 | saturating |
10000 | 42409 | 68946 | 2.608596990398283 | saturating |
40000 | 179810 | 238461 | 3.389614664452468 | saturating |
10000 | 254367 | 203528 | 31.79050090847451 | saturating |
10000 | 94814 | 243748 | 3.68811009567258 | saturating |
40000 | 236196 | 423538 | 3.2930073816280947 | saturating |
40000 | 266871 | 149816 | 11.884600216432156 | saturating |
10000 | 117041 | 683128 | 2.005275099395721 | inverse |
40000 | 91191 | 212280 | 0.9793431412521197 | inverse |
10000 | 266183 | 17858 | 396.7599366614403 | saturating |
10000 | 139384 | 578951 | 3.3557070384194865 | saturating |
40000 | 63402 | 81014 | 1.2404688090947242 | saturating |
10000 | 266550 | 137477 | 51.68057384144257 | saturating |
20000 | 78270 | 457017 | 0.6702368730266051 | inverse |
10000 | 10582 | 122543 | 0.0913791273267343 | inverse |
20000 | 72940 | 264054 | 1.007415831610201 | inverse |
10000 | 166026 | 18707 | 147.34929532260648 | saturating |
20000 | 263461 | 568527 | 6.104520851340394 | saturating |
20000 | 75544 | 211363 | 1.3500224580461102 | inverse |
20000 | 256254 | 498105 | 6.591593390550185 | saturating |
40000 | 251556 | 417272 | 3.79131724247014 | saturating |
20000 | 220741 | 50424 | 48.316862090472796 | saturating |
20000 | 82425 | 526937 | 0.644657769809294 | inverse |
10000 | 297824 | 630342 | 14.071588911416342 | saturating |
10000 | 174222 | 95192 | 31.886403567526685 | saturating |
