thold | t0 | tdiff | zeta | trend |
40000 | 84993 | 36823 | 4.9044143938571 | saturating |
20000 | 104866 | 4683 | 117.41274776852444 | saturating |
40000 | 285665 | 23714 | 86.02986866935144 | saturating |
40000 | 179829 | 22553 | 35.84719243670465 | saturating |
40000 | 198932 | 21274 | 46.50505384976967 | saturating |
40000 | 298563 | 27802 | 80.15598245539888 | saturating |
20000 | 98384 | 17556 | 27.56724611528822 | saturating |
40000 | 155234 | 1166 | 516.6722717838765 | inverse |
40000 | 97342 | 29639 | 7.992395968150072 | saturating |
40000 | 68147 | 28690 | 4.046718028058557 | saturating |
10000 | 211911 | 5944 | 755.4890969212652 | saturating |
40000 | 27255 | 26371 | 0.704215828940882 | saturating |
40000 | 88227 | 10395 | 18.720547207792205 | saturating |
20000 | 289359 | 18984 | 220.52420691371682 | saturating |
40000 | 217821 | 9939 | 119.34296217174766 | saturating |
40000 | 131525 | 10888 | 39.719933929555474 | saturating |
20000 | 15443 | 6510 | 1.8316916205837175 | saturating |
20000 | 139926 | 537 | 1823.024718435754 | saturating |
40000 | 276565 | 16784 | 113.93023001817207 | saturating |
40000 | 245645 | 26178 | 57.626123104324236 | saturating |
40000 | 236554 | 35358 | 39.56515846201708 | saturating |
10000 | 168716 | 9115 | 312.28841092704334 | saturating |
20000 | 213243 | 408 | 5572.619736397059 | inverse |
40000 | 253175 | 14601 | 109.74861417882336 | saturating |
40000 | 202000 | 13683 | 74.55236424760652 | saturating |
40000 | 154655 | 3725 | 160.52462432885906 | saturating |
10000 | 268800 | 2771 | 2607.486106098881 | saturating |
10000 | 132668 | 8788 | 200.2821827947201 | saturating |
40000 | 236978 | 34820 | 40.32062929638139 | saturating |
10000 | 133567 | 7101 | 251.23424150119703 | saturating |
40000 | 255241 | 2776 | 586.7072053404179 | inverse |
40000 | 144763 | 4241 | 123.53410851803818 | saturating |
20000 | 56328 | 13213 | 12.00652230379172 | saturating |
40000 | 42970 | 5323 | 8.671899774563215 | inverse |
40000 | 16190 | 5205 | 1.2589630163304515 | inverse |
40000 | 26445 | 17496 | 0.9992827289094649 | saturating |
20000 | 37540 | 5834 | 12.077919094960576 | saturating |
10000 | 290805 | 7344 | 1151.518900122549 | saturating |
20000 | 204287 | 19573 | 106.60904912123843 | saturating |
10000 | 130002 | 6144 | 275.0735677734375 | saturating |
40000 | 141352 | 5785 | 86.34566942091617 | inverse |
10000 | 47564 | 5245 | 43.13315721639657 | saturating |
40000 | 250480 | 32400 | 48.410671604938265 | saturating |
20000 | 274881 | 12640 | 298.89068101661394 | saturating |
20000 | 135828 | 9275 | 99.45684950943397 | saturating |
40000 | 210562 | 12673 | 87.46223436439675 | saturating |
20000 | 132723 | 7671 | 114.81811190848651 | saturating |
40000 | 297677 | 3082 | 718.7832278471772 | inverse |
40000 | 217561 | 36360 | 32.544546700357536 | saturating |
40000 | 276271 | 37033 | 51.52544044568358 | saturating |
20000 | 245648 | 5026 | 600.3077984878631 | saturating |
20000 | 50617 | 2162 | 59.25255987511564 | inverse |
20000 | 81349 | 18800 | 17.600159045212767 | saturating |
40000 | 288044 | 33842 | 61.2916981384079 | saturating |
40000 | 89480 | 7343 | 27.259534250306416 | inverse |
40000 | 228670 | 13821 | 94.58427194124884 | saturating |
10000 | 180039 | 9297 | 348.65054878993226 | saturating |
40000 | 254686 | 3089 | 524.9672919715118 | inverse |
40000 | 270697 | 4276 | 428.41946801333023 | saturating |
40000 | 256463 | 2593 | 634.1425990069417 | saturating |
20000 | 91337 | 11221 | 37.17336943677034 | saturating |
40000 | 55197 | 35562 | 2.1418289248354987 | saturating |
40000 | 141383 | 8046 | 62.10897554374845 | saturating |
40000 | 38254 | 196 | 186.6541474489796 | inverse |
20000 | 24878 | 8460 | 3.65788938534279 | saturating |
20000 | 142692 | 10687 | 95.26062910077665 | saturating |
20000 | 276969 | 13602 | 281.9873068703132 | saturating |
40000 | 294523 | 20568 | 105.4353820607254 | saturating |
40000 | 216945 | 17407 | 67.59512412391567 | saturating |
40000 | 106465 | 4000 | 70.84247640625 | saturating |
20000 | 21920 | 8454 | 2.84176957653182 | saturating |
10000 | 231981 | 5609 | 959.4434722945266 | saturating |
40000 | 118599 | 36419 | 9.655483951371536 | saturating |
40000 | 174004 | 37635 | 20.112522928125415 | saturating |
40000 | 213752 | 25366 | 45.03066851691241 | saturating |
40000 | 159849 | 38526 | 16.580817370736643 | saturating |
20000 | 142908 | 14429 | 70.76961835193015 | saturating |
40000 | 151678 | 7856 | 73.21224441191445 | saturating |
40000 | 186475 | 22258 | 39.05666010535538 | saturating |
40000 | 73536 | 11855 | 11.403507583298188 | saturating |
40000 | 264930 | 13708 | 128.00537076889407 | saturating |
40000 | 139146 | 25168 | 19.232367804354737 | saturating |
10000 | 126653 | 1152 | 1392.4463896701388 | inverse |
20000 | 22760 | 13248 | 1.9550785024154587 | saturating |
40000 | 23936 | 23637 | 0.6059695562042561 | saturating |
40000 | 72945 | 10556 | 12.60177393188708 | saturating |
40000 | 199399 | 23418 | 42.4459403033991 | saturating |
20000 | 18654 | 5117 | 3.400153566542896 | saturating |
40000 | 40429 | 30960 | 1.3198514542958657 | saturating |
40000 | 226699 | 7631 | 168.36730638513956 | saturating |
20000 | 235269 | 11316 | 244.571855607105 | saturating |
40000 | 71060 | 7535 | 16.75356204379562 | saturating |
20000 | 130149 | 1288 | 657.5606444487578 | saturating |
20000 | 214720 | 4646 | 496.17604821351705 | saturating |
40000 | 61749 | 30678 | 3.107225862996284 | saturating |
40000 | 243472 | 28309 | 52.34961918824402 | saturating |
40000 | 20104 | 17572 | 0.5750210789893012 | saturating |
20000 | 279839 | 19387 | 201.96488863929437 | saturating |
20000 | 266263 | 923 | 3840.51923992416 | inverse |
20000 | 211293 | 9274 | 240.6983601951693 | saturating |
10000 | 170267 | 7615 | 380.7071738542351 | saturating |
40000 | 186228 | 37513 | 23.11256629968278 | saturating |
20000 | 184511 | 16827 | 101.15977037202116 | saturating |
10000 | 139145 | 6636 | 291.76207090114525 | saturating |
20000 | 187168 | 13124 | 133.46487436757084 | saturating |
20000 | 95301 | 12771 | 35.55822019027484 | saturating |
40000 | 191405 | 8973 | 102.07253433912848 | saturating |
40000 | 137411 | 29540 | 15.97984336577522 | saturating |
40000 | 198455 | 10686 | 92.14015306241814 | saturating |
10000 | 117429 | 6780 | 203.38598880530975 | saturating |
40000 | 198634 | 13713 | 71.93076999197841 | saturating |
40000 | 231497 | 39719 | 33.73125016302021 | saturating |
20000 | 209218 | 3625 | 603.754089986207 | inverse |
40000 | 54562 | 32379 | 2.298566851971957 | saturating |
40000 | 262796 | 25362 | 68.07599717687879 | saturating |
40000 | 182253 | 21047 | 39.45473940347793 | saturating |
10000 | 245715 | 3039 | 1986.701586870681 | saturating |
10000 | 91566 | 9164 | 91.49205975556525 | saturating |
40000 | 141979 | 25312 | 19.90956506893963 | saturating |
40000 | 25478 | 626 | 25.923661501597444 | inverse |
40000 | 184034 | 37793 | 22.403959169687507 | saturating |
20000 | 220875 | 13106 | 186.11996652296656 | saturating |
40000 | 183285 | 31936 | 26.297431758047345 | saturating |
10000 | 183154 | 5347 | 627.3683881802881 | saturating |
40000 | 55520 | 4708 | 16.368258283772303 | saturating |
40000 | 11129 | 4825 | 0.6417338911917098 | inverse |
40000 | 167965 | 4608 | 153.06120456271702 | inverse |
10000 | 196622 | 6874 | 562.4121455338958 | saturating |
40000 | 82710 | 34243 | 4.994410609467629 | saturating |
40000 | 190574 | 24970 | 36.36208397677213 | saturating |
40000 | 53156 | 12028 | 5.87288064516129 | saturating |
40000 | 275355 | 5963 | 317.87848408938453 | inverse |
40000 | 25720 | 5366 | 3.0819903093551995 | inverse |
20000 | 203051 | 17106 | 120.51241845258974 | saturating |
40000 | 289874 | 30663 | 68.50841068714738 | saturating |
10000 | 189618 | 5355 | 671.4283085714286 | saturating |
20000 | 199464 | 1601 | 1242.532395252967 | inverse |
40000 | 74555 | 9438 | 14.723585571625344 | saturating |
40000 | 255434 | 24379 | 66.90853640018048 | saturating |
40000 | 118363 | 24052 | 14.561990446740396 | saturating |
40000 | 219749 | 14978 | 80.60091968386968 | saturating |
20000 | 297311 | 12899 | 342.6383080897744 | saturating |
20000 | 142932 | 3691 | 276.7482609590897 | inverse |
20000 | 188577 | 10360 | 171.62782301640928 | saturating |
40000 | 54116 | 20291 | 3.6081778325365925 | saturating |
20000 | 95761 | 990 | 463.1398545959596 | inverse |
20000 | 121538 | 7945 | 92.96089014474512 | saturating |
20000 | 146037 | 19033 | 56.02586394420217 | saturating |
40000 | 77341 | 28350 | 5.274806244268078 | saturating |
40000 | 127613 | 38313 | 10.626339472894319 | saturating |
20000 | 83687 | 4157 | 84.23759885734906 | inverse |
40000 | 96286 | 32379 | 7.158184159486087 | saturating |
40000 | 200595 | 22195 | 45.32366977359766 | saturating |
20000 | 276008 | 17425 | 218.59516804591104 | saturating |
10000 | 41074 | 7869 | 21.43949010039395 | saturating |
20000 | 295564 | 4224 | 1034.068159280303 | saturating |
40000 | 144627 | 22805 | 22.930244605349703 | saturating |
10000 | 183893 | 7342 | 460.59160241078723 | saturating |
20000 | 166363 | 2967 | 466.4079502696326 | inverse |
40000 | 36976 | 22658 | 1.5085450790007944 | saturating |
10000 | 270438 | 9501 | 769.7790952952321 | saturating |
40000 | 97877 | 26289 | 9.110185941838791 | saturating |
20000 | 282123 | 18071 | 220.2240803746334 | saturating |
40000 | 197596 | 23459 | 41.60895521548233 | saturating |
40000 | 62562 | 5485 | 17.839579963536917 | inverse |
40000 | 260785 | 900 | 1889.1337840277777 | inverse |
20000 | 167714 | 9128 | 154.07529467572306 | saturating |
10000 | 67559 | 8120 | 56.20958720443349 | saturating |
20000 | 268334 | 16364 | 220.00469187240284 | saturating |
40000 | 72970 | 9431 | 14.114677393701623 | saturating |
10000 | 51031 | 1382 | 188.43436765557166 | saturating |
40000 | 119593 | 39320 | 9.093645504196338 | saturating |
40000 | 263575 | 28598 | 60.73132791191692 | saturating |
40000 | 55460 | 49 | 1569.2916326530612 | saturating |
20000 | 233754 | 7754 | 352.340292210472 | saturating |
40000 | 115076 | 5913 | 55.988862573989515 | saturating |
10000 | 182142 | 3512 | 944.6386151480639 | saturating |
40000 | 88043 | 19144 | 10.122714491485583 | saturating |
40000 | 72729 | 37856 | 3.493176405985841 | saturating |
40000 | 140626 | 21264 | 23.250178560007523 | saturating |
40000 | 7188 | 3942 | 0.3276721461187215 | inverse |
40000 | 60431 | 4170 | 21.893919430455636 | saturating |
40000 | 69047 | 26313 | 4.5295939355071635 | saturating |
20000 | 155997 | 120 | 10139.61000375 | inverse |
20000 | 29328 | 17831 | 2.411899456003589 | saturating |
40000 | 288053 | 37861 | 54.788919210401204 | saturating |
40000 | 133669 | 2849 | 156.7866054843805 | inverse |
20000 | 181428 | 15535 | 105.94180619246863 | saturating |
20000 | 27026 | 13844 | 2.637982793990176 | saturating |
10000 | 38003 | 2713 | 53.23361625506819 | saturating |
40000 | 185377 | 24374 | 35.24722258246492 | saturating |
40000 | 97593 | 31389 | 7.58577339912071 | saturating |
40000 | 76722 | 2822 | 52.14621973777463 | inverse |
20000 | 279386 | 3622 | 1077.533641579238 | saturating |
40000 | 75149 | 27711 | 5.094883079823897 | saturating |
40000 | 168983 | 20418 | 34.963334176951705 | saturating |
40000 | 43753 | 10281 | 4.65500683056123 | saturating |
10000 | 222364 | 9783 | 505.4252120617398 | saturating |
40000 | 96103 | 7531 | 30.659230543752493 | saturating |
40000 | 96176 | 10187 | 22.70006620202218 | saturating |
40000 | 171480 | 5485 | 134.02639197812215 | inverse |
20000 | 298993 | 14972 | 298.54666727558106 | saturating |
40000 | 290785 | 29636 | 71.32871864033608 | saturating |
20000 | 76511 | 993 | 294.75997588116815 | inverse |
40000 | 32927 | 23702 | 1.1435610170027846 | saturating |
20000 | 59068 | 7134 | 24.45352273619288 | saturating |
20000 | 138128 | 12499 | 76.32348341467318 | saturating |
20000 | 243754 | 10223 | 290.5996895040594 | saturating |
20000 | 72640 | 13986 | 18.863755183755185 | saturating |
20000 | 218087 | 13310 | 178.66994578888054 | saturating |
40000 | 227933 | 37259 | 34.85966644904587 | saturating |
20000 | 109866 | 2148 | 280.9715539106145 | saturating |
10000 | 141143 | 6491 | 306.90720149437686 | saturating |
40000 | 141385 | 32892 | 15.193449946035509 | saturating |
20000 | 211659 | 2230 | 1004.4738179596413 | inverse |
40000 | 58061 | 25969 | 3.24529219550233 | saturating |
40000 | 191092 | 11199 | 81.51654715599607 | saturating |
10000 | 200276 | 5755 | 696.9674400695048 | saturating |
40000 | 270269 | 34729 | 52.582375220277 | saturating |
40000 | 142931 | 6092 | 83.8364689798096 | saturating |
40000 | 203665 | 14328 | 72.37477705367112 | saturating |
40000 | 135697 | 22198 | 20.73798969389134 | saturating |
40000 | 44419 | 32506 | 1.5174487486925492 | saturating |
40000 | 254722 | 10066 | 161.14468826743493 | saturating |
40000 | 67722 | 27484 | 4.171762920244506 | saturating |
40000 | 118048 | 36283 | 9.601831645674283 | saturating |
40000 | 189687 | 33009 | 27.251020910206307 | saturating |
40000 | 47475 | 10295 | 5.473228812530354 | saturating |
40000 | 222385 | 16393 | 75.4210459113646 | saturating |
20000 | 263094 | 4572 | 756.9822051181102 | saturating |
20000 | 228082 | 9708 | 267.9305661516275 | saturating |
40000 | 105392 | 11333 | 24.502500802964793 | saturating |
20000 | 208995 | 10122 | 215.76225066686425 | saturating |
40000 | 196209 | 38626 | 24.917135919458396 | saturating |
40000 | 275152 | 30481 | 62.09493053377514 | saturating |
20000 | 259279 | 3277 | 1025.7186426762282 | saturating |
20000 | 160655 | 6496 | 198.6609376924261 | saturating |
40000 | 174309 | 28463 | 26.68695102501493 | saturating |
10000 | 129871 | 5072 | 332.54094323738167 | saturating |
20000 | 193713 | 9555 | 196.36172877551024 | saturating |
20000 | 124031 | 16901 | 45.511179696467664 | saturating |
10000 | 174310 | 7422 | 409.3772042576125 | saturating |
40000 | 85106 | 629 | 287.8788249602544 | saturating |
20000 | 79271 | 10897 | 28.833125819032762 | saturating |
20000 | 88914 | 18782 | 21.045946640400388 | saturating |
40000 | 174546 | 11656 | 65.34468538949896 | saturating |
40000 | 92919 | 3462 | 62.34792432842288 | saturating |
20000 | 165114 | 11903 | 114.52000754431654 | saturating |
10000 | 261605 | 5056 | 1353.5833865704114 | saturating |
40000 | 71132 | 23415 | 5.402265026692291 | saturating |
20000 | 23218 | 17867 | 1.5085787317400796 | saturating |
10000 | 31772 | 7260 | 13.904407493112949 | saturating |
20000 | 97405 | 328 | 1446.3009184451219 | saturating |
40000 | 251896 | 5441 | 291.54381003492006 | saturating |
40000 | 206754 | 37845 | 28.238351510107012 | saturating |
40000 | 219928 | 22650 | 53.38667238852097 | saturating |
40000 | 60477 | 29511 | 3.0983934202500762 | saturating |
40000 | 120060 | 13755 | 26.198479825517992 | saturating |
40000 | 90274 | 20018 | 10.177584019382557 | saturating |
20000 | 72295 | 6313 | 41.395271859654684 | saturating |
20000 | 66458 | 9979 | 22.12980140294619 | saturating |
20000 | 76318 | 11355 | 25.647015077058565 | saturating |
10000 | 133524 | 2031 | 877.8266162481535 | saturating |
20000 | 69243 | 14632 | 16.38392922703663 | saturating |
40000 | 96954 | 9938 | 23.646805484000804 | saturating |
40000 | 121266 | 33039 | 11.127336447834377 | saturating |
20000 | 135121 | 3337 | 273.5643488312856 | saturating |
40000 | 224645 | 14530 | 86.82962151582933 | saturating |
40000 | 223944 | 19985 | 62.735695691768825 | saturating |
20000 | 105082 | 11313 | 48.803264934146554 | saturating |
20000 | 207289 | 18775 | 114.43070445006657 | saturating |
40000 | 35074 | 23019 | 1.3360544289499978 | saturating |
20000 | 104148 | 12069 | 44.936638926174496 | saturating |
20000 | 182345 | 187 | 8890.293856951872 | inverse |
40000 | 214987 | 19835 | 58.254865350390716 | saturating |
40000 | 178345 | 10866 | 73.17996278529357 | saturating |
20000 | 284873 | 835 | 4859.438690359282 | inverse |
40000 | 206174 | 12002 | 88.54298924345942 | saturating |
20000 | 16244 | 2490 | 5.298544899598394 | saturating |
40000 | 170541 | 5634 | 129.05676553514377 | saturating |
40000 | 53788 | 21234 | 3.40626936045964 | saturating |
40000 | 25550 | 14673 | 1.1122512437810947 | saturating |
20000 | 218494 | 18246 | 130.82217482187878 | saturating |
40000 | 87136 | 37628 | 5.044569533326246 | saturating |
20000 | 235678 | 3829 | 725.3084314964742 | inverse |
40000 | 39137 | 19501 | 1.963623364186452 | saturating |
20000 | 40776 | 4765 | 17.44682241343127 | saturating |
20000 | 165464 | 3665 | 373.5107134515689 | inverse |
40000 | 77972 | 13786 | 11.025012302335703 | saturating |
20000 | 139942 | 13514 | 72.45731598342459 | saturating |
20000 | 37355 | 16062 | 4.343780428962769 | saturating |
20000 | 284966 | 8318 | 488.13188961288773 | saturating |
40000 | 126697 | 13532 | 29.65587091523796 | saturating |
40000 | 270817 | 35192 | 52.10122150559787 | saturating |
40000 | 81461 | 7018 | 23.63883770661157 | inverse |
20000 | 243365 | 299 | 9904.10087374582 | saturating |
40000 | 299077 | 3116 | 717.6432279284338 | saturating |
20000 | 115283 | 10424 | 63.747937878933236 | saturating |
20000 | 231260 | 131 | 20412.667022900765 | saturating |
40000 | 132759 | 36898 | 11.941671690200012 | saturating |
20000 | 21400 | 8646 | 2.6483923201480453 | saturating |
40000 | 179902 | 35146 | 23.02163091390201 | saturating |
20000 | 263762 | 1723 | 2018.8738434126521 | inverse |
40000 | 277500 | 9609 | 200.34928192319703 | saturating |
40000 | 21398 | 14749 | 0.7761109295545461 | saturating |
40000 | 258185 | 30520 | 54.60312436517039 | saturating |
40000 | 190996 | 38419 | 23.73791093989953 | saturating |
10000 | 200237 | 5717 | 701.3268527024663 | saturating |
40000 | 193615 | 8815 | 106.3152814095292 | saturating |
40000 | 221638 | 10167 | 120.79129301662239 | saturating |
40000 | 288043 | 1489 | 1393.0283722128945 | saturating |
10000 | 280095 | 8461 | 927.2332942323602 | saturating |
10000 | 28673 | 3218 | 25.548195431945306 | saturating |
10000 | 226606 | 9680 | 530.4780912809917 | saturating |
20000 | 74207 | 14058 | 19.58556995660834 | saturating |
40000 | 200159 | 19853 | 50.450341612098924 | saturating |
20000 | 129481 | 12480 | 67.16878750400642 | saturating |
40000 | 178677 | 308 | 2591.3531111201296 | saturating |
20000 | 204161 | 8259 | 252.3411667332607 | saturating |
20000 | 224743 | 2719 | 928.8233918536228 | inverse |
40000 | 288420 | 9989 | 208.19425468014816 | saturating |
40000 | 145678 | 9895 | 53.618190207175346 | saturating |
40000 | 287328 | 13736 | 150.25731578334305 | saturating |
10000 | 26339 | 3989 | 17.391399373276514 | saturating |
40000 | 45785 | 25838 | 2.028278335203963 | saturating |
40000 | 264599 | 12016 | 145.66542693283955 | saturating |
40000 | 22640 | 14436 | 0.8876586311997783 | saturating |
10000 | 213910 | 640 | 7149.607515624999 | inverse |
20000 | 101707 | 2646 | 195.47078323885108 | saturating |
40000 | 252191 | 2591 | 613.6655777788499 | saturating |
10000 | 91431 | 4446 | 188.02581558704452 | saturating |
10000 | 224801 | 7669 | 658.9580075759551 | saturating |
40000 | 208610 | 10130 | 107.39914141164859 | saturating |
20000 | 203312 | 3652 | 565.9333152245345 | saturating |
10000 | 246967 | 7384 | 826.0116344664139 | saturating |
10000 | 193193 | 9587 | 389.314021581308 | saturating |
40000 | 139147 | 5580 | 86.74680828405018 | saturating |
40000 | 181413 | 16496 | 49.87675280219448 | saturating |
20000 | 183616 | 8039 | 209.69545625077745 | saturating |
20000 | 19234 | 10490 | 1.7633305815061964 | saturating |
40000 | 202273 | 31373 | 32.60316715726899 | saturating |
20000 | 186867 | 11530 | 151.42790845186468 | saturating |
40000 | 202642 | 28887 | 35.5382872607055 | saturating |
40000 | 248435 | 28594 | 53.96232533486046 | saturating |
40000 | 229007 | 22814 | 57.46932371460507 | saturating |
10000 | 152328 | 9467 | 245.1021398964825 | saturating |
40000 | 248722 | 10349 | 149.44108919702384 | saturating |
40000 | 270650 | 22205 | 82.47176593109661 | saturating |
40000 | 47441 | 15341 | 3.6677017159898315 | saturating |
40000 | 63994 | 10886 | 9.4048136046298 | saturating |
10000 | 198988 | 386 | 10258.089156476684 | inverse |
20000 | 267873 | 16475 | 217.77221283459787 | saturating |
20000 | 201832 | 17483 | 116.502191340159 | saturating |
20000 | 159480 | 5302 | 239.8516635231988 | saturating |
40000 | 121426 | 10880 | 33.87930486213235 | saturating |
40000 | 154535 | 16077 | 37.13545161566213 | saturating |
20000 | 289147 | 9023 | 463.2937360578522 | saturating |
20000 | 242258 | 2698 | 1087.6378532987399 | inverse |
20000 | 174825 | 10469 | 145.97277975451334 | saturating |
40000 | 257809 | 28562 | 58.17649366378404 | saturating |
10000 | 14503 | 8327 | 2.525963840518794 | saturating |
20000 | 132667 | 16517 | 53.28005354785978 | saturating |
40000 | 145230 | 38970 | 13.530762702078523 | saturating |
40000 | 50821 | 9199 | 7.019170673442765 | saturating |
20000 | 234170 | 418 | 6559.280968899522 | inverse |
40000 | 63342 | 12957 | 7.741392614031025 | saturating |
40000 | 26652 | 14519 | 1.2231026654728288 | saturating |
40000 | 148496 | 13900 | 39.66018348201439 | saturating |
40000 | 46782 | 15193 | 3.6012563746462187 | saturating |
20000 | 29597 | 14197 | 3.0850968831443266 | saturating |
40000 | 61162 | 39258 | 2.382183404656376 | saturating |
40000 | 147394 | 21023 | 25.834789559054368 | saturating |
40000 | 44199 | 16599 | 2.9422730300018074 | saturating |
40000 | 37153 | 29572 | 1.166936129615853 | saturating |
20000 | 168988 | 5516 | 258.8555488034808 | saturating |
40000 | 228297 | 20544 | 63.42426037894275 | saturating |
20000 | 248573 | 10582 | 291.9511261056511 | saturating |
40000 | 85198 | 5501 | 32.98808945646246 | inverse |
40000 | 197354 | 10260 | 94.9039993079922 | saturating |
10000 | 56896 | 4305 | 75.19523382113822 | saturating |
40000 | 210138 | 30907 | 35.71842870870677 | saturating |
20000 | 247791 | 11880 | 258.41910640151514 | saturating |
10000 | 84786 | 2843 | 252.85493478719664 | saturating |
40000 | 198023 | 1007 | 973.5131213753724 | inverse |
40000 | 222033 | 18482 | 66.6846838667352 | saturating |
20000 | 122671 | 13733 | 54.78837195441636 | saturating |
40000 | 267338 | 8247 | 216.65334741117982 | inverse |
40000 | 186013 | 11952 | 72.37457364667 | saturating |
20000 | 287276 | 1054 | 3914.9668015180264 | saturating |
10000 | 34273 | 7352 | 15.977129066920563 | saturating |
20000 | 219651 | 9801 | 246.13081216712578 | saturating |
10000 | 164312 | 9116 | 296.1653504168495 | saturating |
40000 | 198115 | 17065 | 57.500077973923226 | saturating |
40000 | 276810 | 2136 | 896.8138588483147 | inverse |
20000 | 100787 | 15308 | 33.178793340083615 | saturating |
20000 | 40964 | 6937 | 12.09492068617558 | saturating |
40000 | 231738 | 169 | 7944.1569 | inverse |
40000 | 243772 | 2763 | 537.6835684401013 | inverse |
10000 | 186378 | 6930 | 501.25193194805195 | saturating |
40000 | 41946 | 14790 | 2.974082008113591 | saturating |
10000 | 235927 | 8769 | 634.7536700764056 | saturating |
20000 | 259647 | 14695 | 229.38606535896565 | saturating |
10000 | 125265 | 5633 | 278.5606288833659 | saturating |
40000 | 209202 | 9909 | 110.4185003633061 | saturating |
40000 | 271748 | 15784 | 116.96492572225037 | saturating |
40000 | 181109 | 18667 | 43.928416297476836 | saturating |
20000 | 150387 | 12632 | 89.51967134658011 | saturating |
40000 | 293358 | 34751 | 61.91110771200829 | saturating |
40000 | 22225 | 21424 | 0.576398694221434 | saturating |
40000 | 281441 | 22214 | 89.14314900625733 | saturating |
40000 | 163183 | 13457 | 49.46996263840381 | saturating |
20000 | 148851 | 661 | 1675.9924509077155 | inverse |
40000 | 140782 | 19930 | 24.8614795835424 | saturating |
10000 | 291228 | 4674 | 1814.5859645699616 | saturating |
20000 | 55315 | 13392 | 11.42379489620669 | saturating |
10000 | 139405 | 6349 | 306.0915738699008 | saturating |
20000 | 142518 | 10623 | 95.60096170573284 | saturating |
10000 | 174237 | 7587 | 400.13881862396204 | saturating |
10000 | 213647 | 481 | 9489.613432224533 | saturating |
40000 | 153241 | 29722 | 19.75203896188009 | saturating |
40000 | 284847 | 7235 | 280.365630300622 | saturating |
40000 | 16363 | 2614 | 2.560709343917368 | saturating |
20000 | 39298 | 12364 | 6.245279860886445 | saturating |
40000 | 128454 | 36405 | 11.33115651421508 | saturating |
20000 | 190312 | 15329 | 118.13770416856937 | saturating |
40000 | 284465 | 26819 | 75.43191042264813 | saturating |
20000 | 128313 | 17959 | 45.83837064702935 | saturating |
20000 | 146982 | 9164 | 117.87269927979048 | saturating |
40000 | 166204 | 12025 | 57.42987446153846 | saturating |
40000 | 91472 | 28912 | 7.234994798007747 | saturating |
20000 | 229002 | 16803 | 156.04926502410285 | saturating |
20000 | 178074 | 16478 | 96.22026179147956 | saturating |
20000 | 51531 | 5153 | 25.766000009703088 | saturating |
40000 | 125793 | 28849 | 13.712675351831953 | saturating |
20000 | 226199 | 18566 | 137.79486050037704 | saturating |
20000 | 205513 | 2863 | 737.6107783618581 | saturating |
40000 | 60124 | 11618 | 7.7786524703047 | saturating |
20000 | 93311 | 19761 | 22.030622744294316 | saturating |
20000 | 119720 | 17118 | 41.864932819254584 | saturating |
40000 | 151211 | 26139 | 21.86844037740541 | saturating |
10000 | 89948 | 1759 | 459.95694735645253 | inverse |
40000 | 229860 | 24969 | 52.90121710921543 | saturating |
20000 | 134858 | 16787 | 54.16894073985822 | saturating |
20000 | 206725 | 11127 | 192.03390682573917 | saturating |
40000 | 39755 | 6582 | 6.0029627202977816 | inverse |
40000 | 275974 | 26144 | 72.82899391447368 | saturating |
20000 | 82487 | 17806 | 19.106214672020663 | saturating |
20000 | 95694 | 17465 | 26.216265777268823 | saturating |
20000 | 256529 | 18976 | 173.39567833315766 | saturating |
20000 | 168820 | 14964 | 95.22919139267577 | saturating |
40000 | 162894 | 9853 | 67.32582775804323 | saturating |
20000 | 49545 | 16465 | 7.45431832675372 | saturating |
40000 | 229249 | 10584 | 124.1380952404573 | saturating |
20000 | 203244 | 16140 | 127.96816460966544 | saturating |
40000 | 266894 | 21146 | 84.21499011160503 | saturating |
20000 | 18102 | 3806 | 4.304813504992118 | saturating |
40000 | 298390 | 33466 | 66.5127234357258 | saturating |
40000 | 124757 | 33712 | 11.542113378767205 | saturating |
40000 | 32080 | 9355 | 2.75020416889364 | saturating |
40000 | 127068 | 21166 | 19.071006123027495 | saturating |
20000 | 92235 | 11672 | 36.44317694054146 | saturating |
40000 | 159823 | 25825 | 24.72738754017425 | saturating |
20000 | 84429 | 15683 | 22.726060195753362 | saturating |
40000 | 244321 | 37765 | 39.51592151529193 | saturating |
40000 | 214078 | 12215 | 93.79735997544003 | saturating |
40000 | 94134 | 9569 | 23.15082546765597 | saturating |
20000 | 282885 | 17436 | 229.47901819511358 | saturating |
20000 | 79073 | 16775 | 18.636480861400894 | saturating |
20000 | 242887 | 3223 | 915.204697005895 | inverse |
40000 | 66120 | 610 | 179.1743606557377 | inverse |
40000 | 21489 | 371 | 31.117056671159027 | saturating |
40000 | 96778 | 7445 | 31.45057516453996 | inverse |
20000 | 37064 | 3659 | 18.77207018311014 | saturating |
20000 | 254328 | 7239 | 446.7656553667634 | saturating |
40000 | 99433 | 18160 | 13.61085006745595 | saturating |
40000 | 105145 | 25808 | 10.709344994769065 | saturating |
10000 | 248836 | 9961 | 621.6178586085734 | saturating |
20000 | 252682 | 15062 | 211.9512452662329 | saturating |
20000 | 13575 | 11957 | 0.7705972442920465 | saturating |
20000 | 196695 | 17889 | 108.13606972161664 | saturating |
20000 | 226980 | 16471 | 156.39584846093132 | saturating |
10000 | 203059 | 8889 | 463.8649733490832 | saturating |
10000 | 27489 | 2160 | 34.983570416666666 | saturating |
40000 | 222832 | 16166 | 76.78785757763207 | saturating |
10000 | 190884 | 2082 | 1750.0817221902018 | saturating |
40000 | 240617 | 4624 | 313.02195441717123 | saturating |
40000 | 296794 | 37071 | 59.4040344447142 | saturating |
20000 | 24201 | 53 | 552.5362273584906 | inverse |
10000 | 119884 | 7725 | 186.04755282847898 | saturating |
10000 | 154647 | 6226 | 384.1261581914552 | saturating |
40000 | 174716 | 12043 | 63.368099011874115 | saturating |
20000 | 102083 | 8254 | 63.126598552217104 | saturating |
10000 | 261494 | 6366 | 1074.12994087339 | saturating |
40000 | 95060 | 20306 | 11.12528759972422 | saturating |
40000 | 175148 | 34874 | 21.991183907782304 | saturating |
40000 | 230297 | 27132 | 48.86914732511425 | saturating |
40000 | 84268 | 34607 | 5.129811760626463 | saturating |
40000 | 37186 | 11143 | 3.1023929731670106 | saturating |
40000 | 174135 | 509 | 1489.341759577603 | inverse |
10000 | 133602 | 2218 | 804.7562851217313 | saturating |
20000 | 162926 | 14662 | 90.52271680534716 | saturating |
20000 | 295131 | 17988 | 242.11226139926617 | saturating |
40000 | 197842 | 25582 | 38.25097428269877 | saturating |
40000 | 94502 | 21120 | 10.571292618371213 | saturating |
10000 | 152713 | 7469 | 312.2407332842415 | saturating |
40000 | 217583 | 32551 | 36.36014399634419 | saturating |
40000 | 118021 | 35280 | 9.870292262613377 | saturating |
40000 | 202614 | 18787 | 54.62877654228988 | saturating |
40000 | 142569 | 3074 | 165.30513793916722 | inverse |
40000 | 83734 | 20941 | 8.370401074447257 | saturating |
40000 | 17839 | 13215 | 0.6020240654559214 | saturating |
40000 | 201990 | 33240 | 30.68589056859206 | saturating |
40000 | 35862 | 27660 | 1.1624033297180043 | saturating |
40000 | 193447 | 39725 | 23.550498306482062 | saturating |
10000 | 281705 | 6879 | 1153.622721689199 | saturating |
20000 | 57297 | 2976 | 55.1570263608871 | saturating |
20000 | 109683 | 1831 | 328.5188555161114 | saturating |
40000 | 33967 | 32684 | 0.8825090938991556 | saturating |
40000 | 139704 | 24955 | 19.552401939491084 | saturating |
20000 | 71321 | 13757 | 18.487624631096896 | saturating |
40000 | 38576 | 37720 | 0.9862856415694592 | saturating |
10000 | 100486 | 1819 | 555.1091916437604 | inverse |
40000 | 213413 | 19435 | 58.58645300874711 | saturating |
40000 | 12625 | 11829 | 0.33686411573252173 | saturating |
20000 | 110801 | 314 | 1954.9142676751592 | saturating |
40000 | 172309 | 11305 | 65.6576547567448 | saturating |
20000 | 281537 | 3237 | 1224.3293538616 | saturating |
10000 | 140093 | 8165 | 240.36801774647887 | saturating |
20000 | 272473 | 17933 | 206.9969768833993 | saturating |
40000 | 255826 | 5800 | 282.09888912068965 | saturating |
40000 | 33064 | 26300 | 1.039190205323194 | saturating |
40000 | 37741 | 9036 | 3.940856244466578 | saturating |
20000 | 15783 | 14825 | 0.8401453254637437 | saturating |
40000 | 227750 | 10474 | 123.8067178250907 | saturating |
20000 | 289675 | 5396 | 777.5352633895479 | saturating |
40000 | 214827 | 36686 | 31.449762803930657 | saturating |
40000 | 254493 | 31672 | 51.122984851761814 | saturating |
40000 | 179985 | 17343 | 46.696938570316554 | saturating |
20000 | 58629 | 19567 | 8.78356324679307 | saturating |
20000 | 201128 | 17534 | 115.35437545340481 | saturating |
10000 | 189713 | 9261 | 388.62997914911995 | saturating |
20000 | 46080 | 2559 | 41.48820633059789 | inverse |
10000 | 41761 | 140 | 1245.7008007142856 | inverse |
20000 | 214127 | 4875 | 470.2602269641026 | saturating |
10000 | 32002 | 7371 | 13.894017148283817 | saturating |
10000 | 239247 | 7230 | 791.6891702489627 | saturating |
20000 | 250808 | 2892 | 1087.5631546334716 | saturating |
40000 | 215218 | 11042 | 104.86956059590653 | saturating |
40000 | 8840 | 7033 | 0.27778188539741216 | saturating |
10000 | 140916 | 1506 | 1318.547082071713 | inverse |
40000 | 111958 | 15347 | 20.418638437479636 | saturating |
40000 | 258444 | 36507 | 45.74006432738927 | saturating |
40000 | 261096 | 33296 | 51.18566886112446 | saturating |
20000 | 239203 | 5930 | 482.44582806914 | saturating |
40000 | 230646 | 24617 | 54.025244054921394 | saturating |
40000 | 168004 | 17545 | 40.21850102023369 | saturating |
10000 | 191799 | 7710 | 477.13173023346303 | saturating |
40000 | 107533 | 13592 | 21.26866187647145 | saturating |
40000 | 206469 | 36817 | 28.946850613167825 | saturating |
40000 | 200282 | 12817 | 78.24155325739252 | saturating |
40000 | 101852 | 15755 | 16.46117090447477 | saturating |
20000 | 186603 | 11266 | 154.53878754216225 | saturating |
40000 | 269864 | 37222 | 48.91366563860083 | saturating |
40000 | 146189 | 14066 | 37.98383286115456 | saturating |
40000 | 105022 | 25380 | 10.8644803821907 | saturating |
10000 | 149625 | 8899 | 251.574790706821 | saturating |
10000 | 294579 | 4063 | 2135.7811282549837 | saturating |
40000 | 260047 | 1064 | 1588.9201646851502 | saturating |
40000 | 69709 | 4472 | 27.16538842240608 | inverse |
20000 | 126460 | 11418 | 70.03035382729026 | saturating |
40000 | 111824 | 26253 | 11.907788610825428 | saturating |
20000 | 205853 | 6910 | 306.6241505716353 | saturating |
20000 | 103885 | 14217 | 37.95488930505733 | saturating |
10000 | 230825 | 3279 | 1624.8911444037815 | saturating |
40000 | 116148 | 31389 | 10.744494810283857 | saturating |
40000 | 257972 | 16069 | 103.53717217001679 | saturating |
10000 | 97918 | 1927 | 497.55758816813704 | inverse |
40000 | 6346 | 5327 | 0.18899810399849823 | saturating |
10000 | 163023 | 6972 | 381.1890207831325 | saturating |
10000 | 299430 | 9408 | 953.0009024234695 | saturating |
40000 | 272146 | 11817 | 156.68834161800797 | saturating |
40000 | 150232 | 23139 | 24.384863027788583 | saturating |
20000 | 291815 | 17624 | 241.59099587210625 | saturating |
20000 | 62148 | 2079 | 92.89018528138529 | saturating |
20000 | 102750 | 15196 | 34.73796558304817 | saturating |
40000 | 238204 | 9182 | 154.49015905031584 | saturating |
40000 | 142797 | 5910 | 86.25627414974619 | saturating |
20000 | 78175 | 7657 | 39.906821372600234 | saturating |
20000 | 117191 | 16980 | 40.44090247644287 | saturating |
40000 | 157349 | 27024 | 22.9043700053656 | saturating |
40000 | 182774 | 24099 | 34.655312539939416 | saturating |
40000 | 141292 | 18202 | 27.41927983738051 | saturating |
20000 | 160738 | 16060 | 80.43805929016189 | saturating |
40000 | 131956 | 29020 | 15.000332474155755 | saturating |
40000 | 77220 | 31627 | 4.71347930565656 | saturating |
40000 | 231177 | 25466 | 52.46486033240399 | saturating |
20000 | 137619 | 16034 | 59.05884109080704 | saturating |
10000 | 254844 | 6846 | 948.6629321647677 | saturating |
40000 | 240408 | 6162 | 234.4855828627069 | saturating |
20000 | 128713 | 4950 | 167.3438017070707 | saturating |
20000 | 197205 | 11920 | 163.12840614513422 | saturating |
40000 | 59620 | 15814 | 5.619299987352978 | saturating |
40000 | 211851 | 12901 | 86.97164212270366 | saturating |
20000 | 241167 | 6119 | 475.2534882252003 | saturating |
20000 | 197759 | 8301 | 235.5657275087339 | saturating |
10000 | 288562 | 5732 | 1452.6871570830426 | saturating |
20000 | 114599 | 6489 | 101.19379566188935 | saturating |
10000 | 73490 | 1523 | 354.6145830597505 | inverse |
40000 | 278906 | 31730 | 61.28943967538607 | saturating |
40000 | 252758 | 32676 | 48.87884576141511 | saturating |
20000 | 167534 | 13185 | 106.43777457717103 | saturating |
40000 | 50734 | 3040 | 21.167259506578947 | inverse |
40000 | 82213 | 37683 | 4.48410249250325 | saturating |
40000 | 199893 | 26009 | 38.40710085835673 | saturating |
20000 | 33426 | 1674 | 33.372087096774194 | saturating |
10000 | 185295 | 6715 | 511.3065826507818 | saturating |
10000 | 163381 | 1113 | 2398.324452920036 | inverse |
40000 | 97237 | 15271 | 15.478741027110209 | saturating |
20000 | 233467 | 16429 | 165.88605541724996 | saturating |
40000 | 257844 | 25201 | 65.95326409269474 | saturating |
40000 | 241004 | 2741 | 529.7603795695002 | saturating |
20000 | 200389 | 3324 | 604.0275469464501 | inverse |
40000 | 201712 | 35136 | 28.95017285974499 | saturating |
40000 | 144157 | 2527 | 205.59201275227542 | saturating |
20000 | 265974 | 6774 | 522.1594971656333 | saturating |
40000 | 288422 | 22451 | 92.63200980357222 | saturating |
40000 | 245642 | 16057 | 93.94655316061531 | saturating |
40000 | 86197 | 15683 | 11.843911893451507 | saturating |
40000 | 34121 | 4488 | 6.4853088290998215 | saturating |
40000 | 96353 | 17694 | 13.117300510059907 | saturating |
40000 | 51796 | 11690 | 5.737437159965783 | saturating |
20000 | 151289 | 2971 | 385.19625582295527 | saturating |
10000 | 255980 | 5997 | 1092.642327830582 | saturating |
10000 | 39150 | 4729 | 32.41113343201522 | saturating |
40000 | 129717 | 37156 | 11.321522828749059 | saturating |
40000 | 229159 | 14716 | 89.21216240996195 | saturating |
10000 | 269345 | 1322 | 5487.649699319213 | inverse |
10000 | 86205 | 9447 | 78.6630890758971 | saturating |
10000 | 234635 | 7915 | 695.5601165508529 | saturating |
40000 | 208844 | 10937 | 99.69785209838163 | saturating |
20000 | 63736 | 11781 | 17.240801697648756 | saturating |
40000 | 294809 | 12866 | 168.8798897889787 | saturating |
40000 | 79097 | 17935 | 8.720846681070533 | saturating |
40000 | 97865 | 5626 | 42.55935933611803 | inverse |
40000 | 240500 | 24163 | 59.843821131482024 | saturating |
10000 | 104862 | 3684 | 298.4809729641694 | saturating |
40000 | 184163 | 24436 | 34.69881585468161 | saturating |
40000 | 172306 | 10748 | 69.05786573315966 | saturating |
10000 | 53279 | 2218 | 127.98249959422903 | saturating |
40000 | 286725 | 10272 | 200.08573214807242 | saturating |
40000 | 32065 | 24681 | 1.041453167416231 | saturating |
10000 | 134946 | 7505 | 242.6438762958028 | saturating |
40000 | 192342 | 15186 | 60.903866989332286 | saturating |
20000 | 263663 | 16051 | 216.55403890411813 | saturating |
40000 | 98936 | 36073 | 6.783697014387491 | saturating |
40000 | 123648 | 4135 | 92.43547704957679 | saturating |
40000 | 175197 | 23667 | 32.42277095639498 | saturating |
20000 | 77622 | 19661 | 15.322656233151925 | saturating |
40000 | 83341 | 20512 | 8.465437647474648 | saturating |
10000 | 194606 | 6923 | 547.0387871731908 | saturating |
20000 | 185921 | 18858 | 91.64974610510127 | saturating |
20000 | 221803 | 9160 | 268.5402336735808 | saturating |
20000 | 262087 | 2644 | 1298.9711718797278 | inverse |
40000 | 98033 | 23333 | 10.297078267903828 | saturating |
10000 | 38231 | 1294 | 112.95280996908811 | saturating |
40000 | 101607 | 18313 | 14.093789178452466 | saturating |
40000 | 26875 | 3531 | 5.113746990937411 | saturating |
20000 | 214739 | 644 | 3580.189295108696 | saturating |
20000 | 175142 | 19692 | 77.88624863904124 | saturating |
40000 | 173682 | 6550 | 115.13525619847329 | inverse |
40000 | 286752 | 2366 | 868.83674454776 | saturating |
40000 | 132168 | 8561 | 51.01150631935521 | saturating |
40000 | 258030 | 5917 | 281.3059020618557 | inverse |
10000 | 250221 | 3462 | 1808.5080543327554 | saturating |
40000 | 81604 | 1714 | 97.12970851808635 | saturating |
40000 | 246547 | 16852 | 90.17538453744362 | saturating |
40000 | 271419 | 2105 | 874.9201135510689 | saturating |
40000 | 197853 | 31660 | 30.911094132185724 | saturating |
40000 | 250616 | 9298 | 168.8760471499247 | saturating |
20000 | 236311 | 3108 | 898.3733706724582 | saturating |
20000 | 260758 | 6494 | 523.5196686479827 | saturating |
40000 | 68873 | 12156 | 9.755450248848305 | saturating |
10000 | 55379 | 3510 | 87.3741778062678 | saturating |
10000 | 126495 | 7611 | 210.23498916042573 | saturating |
40000 | 115642 | 8892 | 37.59860594916779 | saturating |
10000 | 137758 | 2928 | 648.1306886612023 | saturating |
40000 | 202861 | 19792 | 51.9813375618937 | saturating |
10000 | 147341 | 3081 | 704.6209114248621 | saturating |
20000 | 116692 | 18458 | 36.886506837143784 | saturating |
40000 | 136864 | 23667 | 19.786785921325052 | saturating |
20000 | 39154 | 3023 | 25.356197750578897 | saturating |
20000 | 169117 | 13068 | 109.4297508761861 | saturating |
20000 | 220943 | 1790 | 1363.57009075419 | inverse |
20000 | 59428 | 1682 | 104.98475576694412 | inverse |
10000 | 136467 | 7170 | 259.7383833891213 | saturating |
40000 | 298552 | 17087 | 130.41098013694622 | saturating |
40000 | 98133 | 14777 | 16.29235583846518 | saturating |
10000 | 281015 | 7629 | 1035.1216440555775 | saturating |
40000 | 26880 | 13660 | 1.322354319180088 | saturating |
40000 | 234256 | 11815 | 116.11484032162504 | saturating |
40000 | 51103 | 30918 | 2.1116474294909113 | saturating |
10000 | 284930 | 5469 | 1484.4597714390197 | saturating |
40000 | 244930 | 27273 | 54.990929582370846 | saturating |
40000 | 85712 | 16923 | 10.852902771376232 | saturating |
40000 | 87275 | 39944 | 4.767252669362107 | saturating |
40000 | 213351 | 33756 | 33.711524766708145 | saturating |
40000 | 184372 | 39453 | 21.54020884596862 | saturating |
40000 | 287208 | 2261 | 912.0791161432994 | saturating |
20000 | 252010 | 7780 | 408.1557847043702 | saturating |
40000 | 130413 | 23656 | 17.973823310153872 | saturating |
10000 | 266053 | 5254 | 1347.2439818995051 | saturating |
40000 | 109491 | 34878 | 8.593009261568897 | saturating |
40000 | 273759 | 34347 | 54.54915282339069 | saturating |
40000 | 54521 | 8202 | 9.060410390758351 | saturating |
20000 | 289679 | 4883 | 859.2455769096867 | saturating |
20000 | 144896 | 7685 | 136.59629678594663 | saturating |
40000 | 60710 | 5212 | 17.67893371066769 | saturating |
40000 | 105773 | 16852 | 16.59732899507477 | saturating |
40000 | 184802 | 25887 | 32.981592308880906 | saturating |
40000 | 280307 | 13873 | 141.59160644597418 | saturating |
10000 | 58158 | 9168 | 36.89302971204189 | saturating |
10000 | 15029 | 6403 | 3.5275783382789316 | saturating |
20000 | 93874 | 3060 | 143.99228555555555 | saturating |
40000 | 264561 | 24580 | 71.18848934194467 | saturating |
20000 | 82961 | 4020 | 85.60357613184078 | inverse |
20000 | 199050 | 8338 | 237.59236327656515 | saturating |
40000 | 69764 | 25660 | 4.741831348402182 | saturating |
40000 | 160167 | 24639 | 26.02933143492025 | saturating |
10000 | 41649 | 9453 | 18.350144938114884 | saturating |
10000 | 51985 | 211 | 1280.777357819905 | inverse |
40000 | 193320 | 2528 | 369.58685126582276 | inverse |
40000 | 62809 | 23110 | 4.2676011261358715 | saturating |
40000 | 265030 | 4241 | 414.0585999764207 | saturating |
10000 | 186143 | 8476 | 408.7920770292591 | saturating |
20000 | 121996 | 19171 | 38.81650413645611 | saturating |
40000 | 144871 | 23179 | 22.636445317960224 | saturating |
20000 | 244550 | 19820 | 150.86958249243187 | saturating |
40000 | 32902 | 26278 | 1.0298934507953421 | saturating |
10000 | 186204 | 136 | 25494.065894117648 | saturating |
20000 | 133170 | 8648 | 102.5338164893617 | saturating |
40000 | 150560 | 15490 | 36.585399612653326 | saturating |
10000 | 196385 | 7780 | 495.72067127249363 | saturating |
40000 | 95104 | 36449 | 6.2037167110208795 | saturating |
20000 | 254831 | 1249 | 2599.6332490392315 | inverse |
20000 | 33791 | 9049 | 6.309159470659742 | saturating |
40000 | 175599 | 18636 | 41.36484331535737 | saturating |
40000 | 45292 | 34394 | 1.4910778507879283 | saturating |
40000 | 279953 | 13298 | 147.34110807828245 | saturating |
10000 | 97747 | 3434 | 278.23168343040186 | saturating |
40000 | 265112 | 6158 | 285.33766053913604 | inverse |
20000 | 294107 | 8767 | 493.32113293601 | saturating |
20000 | 114227 | 7083 | 92.10650521671609 | saturating |
40000 | 299516 | 39410 | 56.90803999999999 | saturating |
40000 | 132362 | 39607 | 11.058461284621405 | saturating |
40000 | 65310 | 37600 | 2.8360346409574464 | saturating |
40000 | 246674 | 2282 | 666.6089206397896 | inverse |
10000 | 274528 | 7470 | 1008.9106129049532 | saturating |
40000 | 87140 | 23497 | 8.079094778056774 | saturating |
40000 | 217256 | 6495 | 181.67886657428792 | inverse |
40000 | 221367 | 8070 | 151.8071520724907 | saturating |
40000 | 267153 | 7609 | 234.49443228085164 | saturating |
20000 | 20424 | 19555 | 1.0665808642290975 | saturating |
10000 | 43442 | 8566 | 22.031372449217837 | saturating |
20000 | 149196 | 15548 | 71.58298950347313 | saturating |
20000 | 144312 | 18709 | 55.657580159281636 | saturating |
40000 | 220957 | 15574 | 78.37099629029152 | saturating |
40000 | 22978 | 11644 | 1.133606329440055 | saturating |
40000 | 239883 | 35933 | 40.03552005746806 | saturating |
20000 | 39901 | 237 | 335.88392426160334 | inverse |
40000 | 69379 | 18417 | 6.533970843514144 | saturating |
40000 | 212543 | 32888 | 34.339673170305275 | saturating |
40000 | 205566 | 34595 | 30.537202165052754 | saturating |
10000 | 21200 | 358 | 125.54189944134079 | inverse |
10000 | 13372 | 9246 | 1.933921522820679 | saturating |
40000 | 116940 | 29445 | 11.610599083036169 | saturating |
20000 | 68336 | 5603 | 41.67239778689987 | saturating |
20000 | 65741 | 13793 | 15.666929170593779 | saturating |
40000 | 196994 | 2108 | 460.23050327324484 | saturating |
20000 | 298438 | 9668 | 460.6187414356641 | saturating |
40000 | 274721 | 3675 | 513.4124342925171 | inverse |
40000 | 79526 | 24515 | 6.449505074444218 | saturating |
40000 | 90869 | 37434 | 5.514488941203184 | saturating |
10000 | 141306 | 8500 | 234.9104192470588 | saturating |
10000 | 46757 | 2606 | 83.89167494244053 | saturating |
10000 | 258627 | 9806 | 682.1122285233531 | saturating |
20000 | 277833 | 11269 | 342.4934594418316 | saturating |
10000 | 148334 | 8630 | 254.95916055619927 | saturating |
40000 | 17490 | 5797 | 1.3192172675521823 | saturating |
40000 | 40598 | 18947 | 2.174747458700586 | saturating |
10000 | 170419 | 2925 | 992.9106174700854 | saturating |
20000 | 105127 | 8079 | 68.39761188884763 | saturating |
20000 | 156393 | 6434 | 190.07437402082687 | saturating |
40000 | 278257 | 18742 | 103.28001020301996 | saturating |
40000 | 137796 | 10420 | 45.55599236084453 | saturating |
40000 | 290189 | 36169 | 58.20568423304487 | saturating |
40000 | 280255 | 2697 | 728.057703235076 | inverse |
40000 | 82694 | 484 | 353.2178530991735 | inverse |
40000 | 29075 | 28674 | 0.7370401975657391 | saturating |
40000 | 162890 | 28177 | 23.54149847393264 | saturating |
40000 | 157878 | 9210 | 67.65869403908795 | saturating |
40000 | 62100 | 20786 | 4.638230058693352 | saturating |
10000 | 161234 | 2636 | 986.20647784522 | saturating |
40000 | 253241 | 21626 | 74.13646083533709 | saturating |
40000 | 207720 | 25715 | 41.947888780867196 | saturating |
40000 | 151374 | 21518 | 26.622000041825448 | saturating |
40000 | 255593 | 7366 | 221.72068167594352 | saturating |
20000 | 173713 | 3269 | 461.55103042214745 | saturating |
20000 | 114128 | 12115 | 53.75650179116797 | saturating |
40000 | 228193 | 19502 | 66.7521859924623 | saturating |
40000 | 251585 | 6257 | 252.8968044789835 | inverse |
20000 | 75451 | 15002 | 18.973648183575524 | saturating |
40000 | 284883 | 14665 | 138.35377376235937 | saturating |
20000 | 84826 | 5402 | 66.59987297297297 | saturating |
20000 | 156760 | 5125 | 239.74339121951218 | saturating |
10000 | 181407 | 3395 | 969.3225227982326 | saturating |
20000 | 235370 | 1919 | 1443.4350416883792 | saturating |
40000 | 38717 | 21542 | 1.7396319851917186 | saturating |
40000 | 91240 | 33091 | 6.289276238252094 | saturating |
20000 | 299408 | 4500 | 996.0572273777777 | saturating |
40000 | 158675 | 26732 | 23.546457078594944 | saturating |
20000 | 167548 | 16710 | 83.99860055056853 | saturating |
20000 | 170918 | 15261 | 95.71116808859183 | saturating |
40000 | 117969 | 7995 | 43.516838527204506 | inverse |
40000 | 97998 | 20954 | 11.457965071108141 | saturating |
10000 | 85241 | 8893 | 81.70502733610705 | saturating |
20000 | 207907 | 8044 | 268.6805112444058 | saturating |
40000 | 26814 | 1934 | 9.294087331954499 | inverse |
20000 | 162145 | 18106 | 72.60300735943886 | saturating |
40000 | 160943 | 35660 | 18.15945684871004 | saturating |
40000 | 189821 | 31067 | 28.99540673463804 | saturating |
40000 | 245960 | 6223 | 243.0351984573357 | inverse |
10000 | 42960 | 1426 | 129.42227208976158 | inverse |
20000 | 75458 | 15386 | 18.503541414272718 | saturating |
20000 | 115234 | 2703 | 245.63216344802075 | inverse |
20000 | 262206 | 19370 | 177.4702799070728 | saturating |
10000 | 295436 | 2638 | 3308.6592151630025 | saturating |
40000 | 205350 | 25054 | 42.077734593278514 | saturating |
10000 | 224657 | 3078 | 1639.7260444769329 | saturating |
40000 | 150812 | 21158 | 26.874302089044335 | saturating |
10000 | 167117 | 4150 | 672.9660647951807 | saturating |
10000 | 202537 | 7311 | 561.0892678019422 | saturating |
20000 | 61470 | 15637 | 12.082115815054038 | saturating |
40000 | 133117 | 29190 | 15.176546496231587 | saturating |
20000 | 184119 | 1127 | 1503.9843017302574 | inverse |
40000 | 220864 | 1875 | 650.4120866133334 | inverse |
40000 | 144601 | 31068 | 16.82555137199047 | saturating |
20000 | 249095 | 6308 | 491.8224399571972 | saturating |
40000 | 258389 | 34953 | 47.75332254813606 | saturating |
20000 | 249576 | 5441 | 572.3964324205109 | saturating |
10000 | 294280 | 6484 | 1335.6063911165948 | saturating |
20000 | 128833 | 16370 | 50.696218353695784 | saturating |
40000 | 196127 | 5791 | 166.05853966931446 | saturating |
10000 | 10876 | 3322 | 3.5607277543648403 | saturating |
20000 | 156613 | 19353 | 63.369068798119166 | saturating |
20000 | 181862 | 15031 | 110.01858507085356 | saturating |
40000 | 109307 | 19048 | 15.68146294755355 | saturating |
40000 | 170583 | 34871 | 20.86157544162771 | saturating |
10000 | 194776 | 142 | 26716.683222535212 | saturating |
20000 | 291621 | 6692 | 635.4065125597729 | saturating |
40000 | 106695 | 19439 | 14.640443213385462 | saturating |
40000 | 280449 | 22491 | 87.4256831632653 | saturating |
40000 | 229597 | 27898 | 47.23885440622985 | saturating |
40000 | 286127 | 8167 | 250.60811843088038 | inverse |
40000 | 193473 | 28168 | 33.22192002360835 | saturating |
10000 | 36742 | 9269 | 14.564403538677311 | saturating |
40000 | 265704 | 14279 | 123.60567199383709 | saturating |
40000 | 284499 | 27822 | 72.7299268573431 | saturating |
40000 | 100239 | 35348 | 7.10638304925314 | saturating |
40000 | 127834 | 11079 | 36.87501479375395 | saturating |
40000 | 88470 | 22956 | 8.523850953998954 | saturating |
40000 | 153394 | 36652 | 16.049410152242714 | saturating |
40000 | 60890 | 6872 | 13.48803878055879 | saturating |
10000 | 44455 | 3547 | 55.7160142373837 | saturating |
20000 | 74206 | 18831 | 14.620918793478838 | saturating |
20000 | 125682 | 4238 | 186.3610798017933 | saturating |
40000 | 295556 | 24500 | 89.13607054693877 | saturating |
40000 | 26334 | 8230 | 2.106560012150668 | saturating |
20000 | 250326 | 12289 | 254.956083798519 | saturating |
20000 | 116141 | 10204 | 66.09531497941984 | saturating |
20000 | 273140 | 9376 | 397.8533468430034 | saturating |
20000 | 49577 | 11222 | 10.95116257797184 | saturating |
40000 | 269070 | 11645 | 155.4286494203521 | saturating |
20000 | 253125 | 15766 | 203.19759490359 | saturating |
10000 | 251017 | 8079 | 779.9174933655155 | saturating |
40000 | 46201 | 903 | 59.095581423034325 | saturating |
10000 | 287965 | 6895 | 1202.666297679478 | saturating |
40000 | 156207 | 38029 | 16.0408023146809 | saturating |
40000 | 206830 | 19443 | 55.005206115311424 | saturating |
10000 | 192186 | 6448 | 572.8203876550868 | saturating |
40000 | 47187 | 20558 | 2.7077208009047578 | saturating |
40000 | 201942 | 22204 | 45.915793735362996 | saturating |
10000 | 158758 | 7262 | 347.06833605067476 | saturating |
10000 | 117075 | 154 | 8900.360795454546 | saturating |
40000 | 142295 | 2514 | 201.35110406722356 | inverse |
20000 | 151788 | 4446 | 259.1047789473684 | saturating |
20000 | 174848 | 5458 | 280.0643377061195 | saturating |
10000 | 146534 | 7492 | 286.60188408969566 | saturating |
10000 | 26074 | 5640 | 12.054139645390071 | saturating |
20000 | 24706 | 17139 | 1.780694427912947 | saturating |
40000 | 235959 | 25734 | 54.08860814583819 | saturating |
40000 | 258750 | 10478 | 159.74318214353886 | saturating |
40000 | 47376 | 32584 | 1.72207630739013 | saturating |
20000 | 76127 | 13818 | 20.970184284990594 | saturating |
40000 | 251410 | 1877 | 841.8618553542887 | inverse |
40000 | 109424 | 9927 | 30.154154769819684 | saturating |
40000 | 142654 | 21937 | 23.19159834526143 | saturating |
20000 | 289803 | 17351 | 242.01999541524984 | saturating |
40000 | 205773 | 24986 | 42.36625263047306 | saturating |
40000 | 30065 | 13037 | 1.7333439920994094 | saturating |
40000 | 194936 | 9753 | 97.4060394135138 | saturating |
40000 | 138407 | 9084 | 52.72043606616028 | saturating |
40000 | 230419 | 5614 | 236.43086730049873 | inverse |
20000 | 251739 | 2799 | 1132.0565223472668 | saturating |
40000 | 207067 | 8105 | 132.2539867026527 | saturating |
40000 | 292481 | 25430 | 84.09863877408573 | saturating |
40000 | 150534 | 255 | 2221.616191764706 | inverse |
40000 | 291793 | 36473 | 58.36040005552052 | saturating |
40000 | 35346 | 20908 | 1.4938536875837 | saturating |
20000 | 249137 | 2332 | 1330.815711170669 | inverse |
40000 | 117468 | 5066 | 68.0948037110146 | saturating |
40000 | 61724 | 26308 | 3.6204312148395923 | saturating |
40000 | 203660 | 33374 | 31.070141127824055 | saturating |
40000 | 206510 | 33761 | 31.579618568762776 | saturating |
20000 | 159344 | 4928 | 257.61475584415587 | saturating |
10000 | 93157 | 9358 | 92.73591204317161 | saturating |
20000 | 97164 | 10072 | 46.86677370929309 | saturating |
20000 | 280230 | 18650 | 210.53311769437 | saturating |
20000 | 255640 | 11921 | 274.10372284204345 | saturating |
40000 | 118644 | 14971 | 23.5061097054305 | saturating |
40000 | 90784 | 30326 | 6.794281026182154 | saturating |
40000 | 202338 | 24502 | 41.772780022039015 | saturating |
20000 | 114112 | 17711 | 36.761189498052055 | saturating |
20000 | 272985 | 10526 | 353.9844681027931 | saturating |
40000 | 110026 | 4447 | 68.05554686305373 | inverse |
40000 | 242001 | 24314 | 60.21683392387102 | saturating |
10000 | 70761 | 5568 | 89.9267083512931 | saturating |
20000 | 224383 | 9850 | 255.57223700000003 | saturating |
20000 | 184408 | 15899 | 106.94480930876156 | saturating |
10000 | 29562 | 7160 | 12.205472681564245 | saturating |
40000 | 193471 | 13313 | 70.29037001614964 | saturating |
10000 | 231841 | 4447 | 1208.6856145941085 | saturating |
40000 | 21992 | 16395 | 0.7374932357426044 | saturating |
20000 | 263977 | 16457 | 211.71494357720118 | saturating |
40000 | 265619 | 6301 | 279.92958721234726 | saturating |
10000 | 119493 | 3969 | 359.7525081632653 | saturating |
40000 | 129584 | 1706 | 246.07287596717467 | inverse |
40000 | 143214 | 12227 | 41.93639035740574 | saturating |
10000 | 119329 | 8991 | 158.37404338783227 | saturating |
10000 | 156270 | 5502 | 443.8442911668484 | saturating |
40000 | 204682 | 33156 | 31.589094827482203 | saturating |
40000 | 231053 | 26501 | 50.361768243651184 | saturating |
20000 | 253931 | 14645 | 220.14664650392626 | saturating |
40000 | 115442 | 36788 | 9.056523434272044 | saturating |
40000 | 132121 | 14376 | 30.356077213759043 | saturating |
40000 | 166794 | 12512 | 55.587113243286446 | saturating |
10000 | 252661 | 1070 | 5966.129058037383 | saturating |
20000 | 85317 | 4157 | 87.55100419773876 | saturating |
40000 | 198890 | 16345 | 60.5035669929642 | saturating |
20000 | 172705 | 7919 | 188.3256536494507 | saturating |
20000 | 119193 | 8953 | 79.34195939349938 | saturating |
40000 | 85548 | 7698 | 23.767408106001557 | inverse |
20000 | 106534 | 12735 | 44.56024010993325 | saturating |
20000 | 20477 | 6230 | 3.365228964686998 | saturating |
40000 | 77937 | 18897 | 8.035899837275757 | saturating |
20000 | 103770 | 8749 | 61.53967824894274 | saturating |
40000 | 117657 | 29051 | 11.912816812674263 | saturating |
40000 | 81461 | 36085 | 4.597405099764446 | saturating |
20000 | 247853 | 16840 | 182.39640620249406 | saturating |
40000 | 213055 | 34658 | 32.743113440619766 | saturating |
10000 | 281336 | 3529 | 2242.843437120998 | saturating |
20000 | 123021 | 4517 | 167.52453443657294 | saturating |
10000 | 200042 | 1742 | 2297.1757614236512 | inverse |
20000 | 52706 | 13698 | 10.139883326032997 | saturating |
20000 | 297549 | 12141 | 364.6133242772424 | saturating |
40000 | 235371 | 38717 | 35.77208179933879 | saturating |
40000 | 48480 | 29646 | 1.9819793564055859 | saturating |
10000 | 195298 | 7552 | 505.04911022245767 | saturating |
20000 | 223783 | 3515 | 712.3589059601707 | saturating |
10000 | 183267 | 7524 | 446.39544509569373 | saturating |
40000 | 25841 | 10294 | 1.6217147877404312 | saturating |
20000 | 170759 | 14847 | 98.19706365258975 | saturating |
10000 | 76457 | 584 | 1000.9713782534246 | saturating |
40000 | 143277 | 7696 | 66.68496208744803 | inverse |
40000 | 176868 | 35003 | 22.3425773676542 | saturating |
40000 | 100651 | 10554 | 23.997119104131134 | saturating |
40000 | 132927 | 28589 | 15.451386310294168 | saturating |
40000 | 211836 | 24574 | 45.6524079270774 | saturating |
40000 | 240446 | 9443 | 153.06120649158106 | saturating |
40000 | 100442 | 34484 | 7.313968336039903 | saturating |
40000 | 179129 | 704 | 1139.4601790127842 | inverse |
20000 | 88806 | 10332 | 38.16543571428571 | saturating |
40000 | 229823 | 12138 | 108.78771488095236 | saturating |
10000 | 173837 | 5292 | 571.03746351096 | saturating |
40000 | 50823 | 5825 | 11.085739609442061 | saturating |
40000 | 52641 | 14652 | 4.728151243857494 | saturating |
40000 | 209734 | 22255 | 49.41400893731746 | saturating |
20000 | 47870 | 3682 | 31.11810021727322 | inverse |
40000 | 166112 | 36757 | 18.76730727752537 | saturating |
40000 | 159912 | 2048 | 312.15634453125 | saturating |
20000 | 32289 | 16640 | 3.132750964543269 | saturating |
40000 | 234408 | 4489 | 306.00974862998436 | saturating |
